0
1 8 13 18 21 22
1 1 0 0 0
0 2 597 26404 0
2 2 597 0 0
2 3 0 0 0
3 3 0 0 0
3 4 512 0 0
4 4 512 0 0
2 4 512 0 0
4 5 0 0 0
5 5 0 0 0
5 6 216 0 0
6 6 216 0 0
4 6 216 0 0
6 7 0 0 0
7 7 0 0 0
7 8 141 0 0
8 8 141 0 0
6 8 141 0 0
8 1 0 0 0
0 9 597 26404 0
9 9 597 0 0
9 10 0 0 0
10 10 0 0 0
10 11 517 0 0
11 11 517 0 0
9 11 517 0 0
11 12 0 0 0
12 12 0 0 0
12 13 141 0 0
13 13 141 0 0
11 13 141 0 0
13 1 0 0 0
0 14 1761 26404 0
14 14 1761 0 0
14 15 0 0 0
15 15 0 0 0
15 16 216 0 0
16 16 216 0 0
14 16 216 0 0
16 17 0 0 0
17 17 0 0 0
17 18 141 0 0
18 18 141 0 0
16 18 141 0 0
18 1 0 0 0
0 19 1792 26404 0
19 19 1792 0 0
19 20 0 0 0
20 20 0 0 0
20 21 141 0 0
21 21 141 0 0
19 21 141 0 0
21 1 0 0 0
0 22 1797 26404 0
22 22 1797 0 0
22 1 0 0 0
