0
1 22 41 60 79 96 113 128 147 164 181 200 217 234 251 266 281 294 311 326 341 360 377 394 411 426 441 454 471 486 501 518 533 548 563 576 589 600 615 628 641 660 677 694 711 726 741 754 771 786 801 818 833 848 863 876 889 900 915 928 941 960 977 994 1011 1026 1041 1054 1071 1086 1101 1118 1133 1148 1163 1176 1189 1200 1215 1228 1241 1258 1273 1288 1303 1316 1329 1340 1355 1368 1381 1396 1409 1422 1435 1446 1457 1466 1479 1490 1501 1518 1533 1548 1563 1576 1589 1600 1615 1628 1641 1656 1669 1682 1695 1706 1717 1726 1739 1750 1761 1778 1793 1808 1823 1836 1849 1860 1875 1888 1901 1916 1929 1942 1955 1966 1977 1986 1999 2010 2021 2036 2049 2062 2075 2086 2097 2106 2119 2130 2141 2154 2165 2176 2187 2196 2205 2212 2223 2232 2241
1 1 0 0 0
0 2 597 10625 0
2 2 597 0 0
2 3 0 0 0
3 3 0 0 0
3 4 192 0 0
4 4 192 0 0
2 4 192 0 0
4 5 0 0 0
5 5 0 0 0
5 6 460 0 0
6 6 460 0 0
4 6 460 0 0
6 7 0 0 0
7 7 0 0 0
7 8 530 0 0
8 8 530 0 0
6 8 530 0 0
8 9 0 0 0
9 9 0 0 0
9 10 490 0 0
10 10 490 0 0
8 10 490 0 0
10 11 0 0 0
11 11 0 0 0
11 12 512 0 0
12 12 512 0 0
10 12 512 0 0
12 13 0 0 0
13 13 0 0 0
13 14 460 0 0
14 14 460 0 0
12 14 460 0 0
14 15 0 0 0
15 15 0 0 0
15 16 19 0 0
16 16 19 0 0
14 16 19 0 0
16 17 0 0 0
17 17 0 0 0
17 18 512 0 0
18 18 512 0 0
16 18 512 0 0
18 19 0 0 0
19 19 0 0 0
19 20 141 0 0
20 20 141 0 0
18 20 141 0 0
20 21 0 0 0
21 21 0 0 0
21 22 132 0 0
22 22 132 0 0
20 22 132 0 0
22 1 0 0 0
0 23 597 10625 0
23 23 597 0 0
23 24 0 0 0
24 24 0 0 0
24 25 192 0 0
25 25 192 0 0
23 25 192 0 0
25 26 0 0 0
26 26 0 0 0
26 27 460 0 0
27 27 460 0 0
25 27 460 0 0
27 28 0 0 0
28 28 0 0 0
28 29 530 0 0
29 29 530 0 0
27 29 530 0 0
29 30 0 0 0
30 30 0 0 0
30 31 490 0 0
31 31 490 0 0
29 31 490 0 0
31 32 0 0 0
32 32 0 0 0
32 33 512 0 0
33 33 512 0 0
31 33 512 0 0
33 34 0 0 0
34 34 0 0 0
34 35 460 0 0
35 35 460 0 0
33 35 460 0 0
35 36 0 0 0
36 36 0 0 0
36 37 19 0 0
37 37 19 0 0
35 37 19 0 0
37 38 0 0 0
38 38 0 0 0
38 39 512 0 0
39 39 512 0 0
37 39 512 0 0
39 40 0 0 0
40 40 0 0 0
40 41 152 0 0
41 41 152 0 0
39 41 152 0 0
41 1 0 0 0
0 42 597 10625 0
42 42 597 0 0
42 43 0 0 0
43 43 0 0 0
43 44 192 0 0
44 44 192 0 0
42 44 192 0 0
44 45 0 0 0
45 45 0 0 0
45 46 460 0 0
46 46 460 0 0
44 46 460 0 0
46 47 0 0 0
47 47 0 0 0
47 48 530 0 0
48 48 530 0 0
46 48 530 0 0
48 49 0 0 0
49 49 0 0 0
49 50 490 0 0
50 50 490 0 0
48 50 490 0 0
50 51 0 0 0
51 51 0 0 0
51 52 512 0 0
52 52 512 0 0
50 52 512 0 0
52 53 0 0 0
53 53 0 0 0
53 54 460 0 0
54 54 460 0 0
52 54 460 0 0
54 55 0 0 0
55 55 0 0 0
55 56 19 0 0
56 56 19 0 0
54 56 19 0 0
56 57 0 0 0
57 57 0 0 0
57 58 513 0 0
58 58 513 0 0
56 58 513 0 0
58 59 0 0 0
59 59 0 0 0
59 60 132 0 0
60 60 132 0 0
58 60 132 0 0
60 1 0 0 0
0 61 597 10625 0
61 61 597 0 0
61 62 0 0 0
62 62 0 0 0
62 63 192 0 0
63 63 192 0 0
61 63 192 0 0
63 64 0 0 0
64 64 0 0 0
64 65 460 0 0
65 65 460 0 0
63 65 460 0 0
65 66 0 0 0
66 66 0 0 0
66 67 530 0 0
67 67 530 0 0
65 67 530 0 0
67 68 0 0 0
68 68 0 0 0
68 69 490 0 0
69 69 490 0 0
67 69 490 0 0
69 70 0 0 0
70 70 0 0 0
70 71 512 0 0
71 71 512 0 0
69 71 512 0 0
71 72 0 0 0
72 72 0 0 0
72 73 460 0 0
73 73 460 0 0
71 73 460 0 0
73 74 0 0 0
74 74 0 0 0
74 75 75 0 0
75 75 75 0 0
73 75 75 0 0
75 76 0 0 0
76 76 0 0 0
76 77 141 0 0
77 77 141 0 0
75 77 141 0 0
77 78 0 0 0
78 78 0 0 0
78 79 132 0 0
79 79 132 0 0
77 79 132 0 0
79 1 0 0 0
0 80 597 10625 0
80 80 597 0 0
80 81 0 0 0
81 81 0 0 0
81 82 192 0 0
82 82 192 0 0
80 82 192 0 0
82 83 0 0 0
83 83 0 0 0
83 84 460 0 0
84 84 460 0 0
82 84 460 0 0
84 85 0 0 0
85 85 0 0 0
85 86 530 0 0
86 86 530 0 0
84 86 530 0 0
86 87 0 0 0
87 87 0 0 0
87 88 490 0 0
88 88 490 0 0
86 88 490 0 0
88 89 0 0 0
89 89 0 0 0
89 90 512 0 0
90 90 512 0 0
88 90 512 0 0
90 91 0 0 0
91 91 0 0 0
91 92 460 0 0
92 92 460 0 0
90 92 460 0 0
92 93 0 0 0
93 93 0 0 0
93 94 75 0 0
94 94 75 0 0
92 94 75 0 0
94 95 0 0 0
95 95 0 0 0
95 96 152 0 0
96 96 152 0 0
94 96 152 0 0
96 1 0 0 0
0 97 597 10625 0
97 97 597 0 0
97 98 0 0 0
98 98 0 0 0
98 99 192 0 0
99 99 192 0 0
97 99 192 0 0
99 100 0 0 0
100 100 0 0 0
100 101 460 0 0
101 101 460 0 0
99 101 460 0 0
101 102 0 0 0
102 102 0 0 0
102 103 530 0 0
103 103 530 0 0
101 103 530 0 0
103 104 0 0 0
104 104 0 0 0
104 105 490 0 0
105 105 490 0 0
103 105 490 0 0
105 106 0 0 0
106 106 0 0 0
106 107 512 0 0
107 107 512 0 0
105 107 512 0 0
107 108 0 0 0
108 108 0 0 0
108 109 460 0 0
109 109 460 0 0
107 109 460 0 0
109 110 0 0 0
110 110 0 0 0
110 111 76 0 0
111 111 76 0 0
109 111 76 0 0
111 112 0 0 0
112 112 0 0 0
112 113 132 0 0
113 113 132 0 0
111 113 132 0 0
113 1 0 0 0
0 114 597 10625 0
114 114 597 0 0
114 115 0 0 0
115 115 0 0 0
115 116 192 0 0
116 116 192 0 0
114 116 192 0 0
116 117 0 0 0
117 117 0 0 0
117 118 460 0 0
118 118 460 0 0
116 118 460 0 0
118 119 0 0 0
119 119 0 0 0
119 120 530 0 0
120 120 530 0 0
118 120 530 0 0
120 121 0 0 0
121 121 0 0 0
121 122 490 0 0
122 122 490 0 0
120 122 490 0 0
122 123 0 0 0
123 123 0 0 0
123 124 512 0 0
124 124 512 0 0
122 124 512 0 0
124 125 0 0 0
125 125 0 0 0
125 126 460 0 0
126 126 460 0 0
124 126 460 0 0
126 127 0 0 0
127 127 0 0 0
127 128 77 0 0
128 128 77 0 0
126 128 77 0 0
128 1 0 0 0
0 129 597 10625 0
129 129 597 0 0
129 130 0 0 0
130 130 0 0 0
130 131 192 0 0
131 131 192 0 0
129 131 192 0 0
131 132 0 0 0
132 132 0 0 0
132 133 460 0 0
133 133 460 0 0
131 133 460 0 0
133 134 0 0 0
134 134 0 0 0
134 135 530 0 0
135 135 530 0 0
133 135 530 0 0
135 136 0 0 0
136 136 0 0 0
136 137 490 0 0
137 137 490 0 0
135 137 490 0 0
137 138 0 0 0
138 138 0 0 0
138 139 512 0 0
139 139 512 0 0
137 139 512 0 0
139 140 0 0 0
140 140 0 0 0
140 141 461 0 0
141 141 461 0 0
139 141 461 0 0
141 142 0 0 0
142 142 0 0 0
142 143 512 0 0
143 143 512 0 0
141 143 512 0 0
143 144 0 0 0
144 144 0 0 0
144 145 141 0 0
145 145 141 0 0
143 145 141 0 0
145 146 0 0 0
146 146 0 0 0
146 147 132 0 0
147 147 132 0 0
145 147 132 0 0
147 1 0 0 0
0 148 597 10625 0
148 148 597 0 0
148 149 0 0 0
149 149 0 0 0
149 150 192 0 0
150 150 192 0 0
148 150 192 0 0
150 151 0 0 0
151 151 0 0 0
151 152 460 0 0
152 152 460 0 0
150 152 460 0 0
152 153 0 0 0
153 153 0 0 0
153 154 530 0 0
154 154 530 0 0
152 154 530 0 0
154 155 0 0 0
155 155 0 0 0
155 156 490 0 0
156 156 490 0 0
154 156 490 0 0
156 157 0 0 0
157 157 0 0 0
157 158 512 0 0
158 158 512 0 0
156 158 512 0 0
158 159 0 0 0
159 159 0 0 0
159 160 461 0 0
160 160 461 0 0
158 160 461 0 0
160 161 0 0 0
161 161 0 0 0
161 162 512 0 0
162 162 512 0 0
160 162 512 0 0
162 163 0 0 0
163 163 0 0 0
163 164 152 0 0
164 164 152 0 0
162 164 152 0 0
164 1 0 0 0
0 165 597 10625 0
165 165 597 0 0
165 166 0 0 0
166 166 0 0 0
166 167 192 0 0
167 167 192 0 0
165 167 192 0 0
167 168 0 0 0
168 168 0 0 0
168 169 460 0 0
169 169 460 0 0
167 169 460 0 0
169 170 0 0 0
170 170 0 0 0
170 171 530 0 0
171 171 530 0 0
169 171 530 0 0
171 172 0 0 0
172 172 0 0 0
172 173 490 0 0
173 173 490 0 0
171 173 490 0 0
173 174 0 0 0
174 174 0 0 0
174 175 512 0 0
175 175 512 0 0
173 175 512 0 0
175 176 0 0 0
176 176 0 0 0
176 177 461 0 0
177 177 461 0 0
175 177 461 0 0
177 178 0 0 0
178 178 0 0 0
178 179 513 0 0
179 179 513 0 0
177 179 513 0 0
179 180 0 0 0
180 180 0 0 0
180 181 132 0 0
181 181 132 0 0
179 181 132 0 0
181 1 0 0 0
0 182 597 10625 0
182 182 597 0 0
182 183 0 0 0
183 183 0 0 0
183 184 192 0 0
184 184 192 0 0
182 184 192 0 0
184 185 0 0 0
185 185 0 0 0
185 186 460 0 0
186 186 460 0 0
184 186 460 0 0
186 187 0 0 0
187 187 0 0 0
187 188 530 0 0
188 188 530 0 0
186 188 530 0 0
188 189 0 0 0
189 189 0 0 0
189 190 506 0 0
190 190 506 0 0
188 190 506 0 0
190 191 0 0 0
191 191 0 0 0
191 192 460 0 0
192 192 460 0 0
190 192 460 0 0
192 193 0 0 0
193 193 0 0 0
193 194 19 0 0
194 194 19 0 0
192 194 19 0 0
194 195 0 0 0
195 195 0 0 0
195 196 512 0 0
196 196 512 0 0
194 196 512 0 0
196 197 0 0 0
197 197 0 0 0
197 198 141 0 0
198 198 141 0 0
196 198 141 0 0
198 199 0 0 0
199 199 0 0 0
199 200 132 0 0
200 200 132 0 0
198 200 132 0 0
200 1 0 0 0
0 201 597 10625 0
201 201 597 0 0
201 202 0 0 0
202 202 0 0 0
202 203 192 0 0
203 203 192 0 0
201 203 192 0 0
203 204 0 0 0
204 204 0 0 0
204 205 460 0 0
205 205 460 0 0
203 205 460 0 0
205 206 0 0 0
206 206 0 0 0
206 207 530 0 0
207 207 530 0 0
205 207 530 0 0
207 208 0 0 0
208 208 0 0 0
208 209 506 0 0
209 209 506 0 0
207 209 506 0 0
209 210 0 0 0
210 210 0 0 0
210 211 460 0 0
211 211 460 0 0
209 211 460 0 0
211 212 0 0 0
212 212 0 0 0
212 213 19 0 0
213 213 19 0 0
211 213 19 0 0
213 214 0 0 0
214 214 0 0 0
214 215 512 0 0
215 215 512 0 0
213 215 512 0 0
215 216 0 0 0
216 216 0 0 0
216 217 152 0 0
217 217 152 0 0
215 217 152 0 0
217 1 0 0 0
0 218 597 10625 0
218 218 597 0 0
218 219 0 0 0
219 219 0 0 0
219 220 192 0 0
220 220 192 0 0
218 220 192 0 0
220 221 0 0 0
221 221 0 0 0
221 222 460 0 0
222 222 460 0 0
220 222 460 0 0
222 223 0 0 0
223 223 0 0 0
223 224 530 0 0
224 224 530 0 0
222 224 530 0 0
224 225 0 0 0
225 225 0 0 0
225 226 506 0 0
226 226 506 0 0
224 226 506 0 0
226 227 0 0 0
227 227 0 0 0
227 228 460 0 0
228 228 460 0 0
226 228 460 0 0
228 229 0 0 0
229 229 0 0 0
229 230 19 0 0
230 230 19 0 0
228 230 19 0 0
230 231 0 0 0
231 231 0 0 0
231 232 513 0 0
232 232 513 0 0
230 232 513 0 0
232 233 0 0 0
233 233 0 0 0
233 234 132 0 0
234 234 132 0 0
232 234 132 0 0
234 1 0 0 0
0 235 597 10625 0
235 235 597 0 0
235 236 0 0 0
236 236 0 0 0
236 237 192 0 0
237 237 192 0 0
235 237 192 0 0
237 238 0 0 0
238 238 0 0 0
238 239 460 0 0
239 239 460 0 0
237 239 460 0 0
239 240 0 0 0
240 240 0 0 0
240 241 530 0 0
241 241 530 0 0
239 241 530 0 0
241 242 0 0 0
242 242 0 0 0
242 243 506 0 0
243 243 506 0 0
241 243 506 0 0
243 244 0 0 0
244 244 0 0 0
244 245 460 0 0
245 245 460 0 0
243 245 460 0 0
245 246 0 0 0
246 246 0 0 0
246 247 75 0 0
247 247 75 0 0
245 247 75 0 0
247 248 0 0 0
248 248 0 0 0
248 249 141 0 0
249 249 141 0 0
247 249 141 0 0
249 250 0 0 0
250 250 0 0 0
250 251 132 0 0
251 251 132 0 0
249 251 132 0 0
251 1 0 0 0
0 252 597 10625 0
252 252 597 0 0
252 253 0 0 0
253 253 0 0 0
253 254 192 0 0
254 254 192 0 0
252 254 192 0 0
254 255 0 0 0
255 255 0 0 0
255 256 460 0 0
256 256 460 0 0
254 256 460 0 0
256 257 0 0 0
257 257 0 0 0
257 258 530 0 0
258 258 530 0 0
256 258 530 0 0
258 259 0 0 0
259 259 0 0 0
259 260 506 0 0
260 260 506 0 0
258 260 506 0 0
260 261 0 0 0
261 261 0 0 0
261 262 460 0 0
262 262 460 0 0
260 262 460 0 0
262 263 0 0 0
263 263 0 0 0
263 264 75 0 0
264 264 75 0 0
262 264 75 0 0
264 265 0 0 0
265 265 0 0 0
265 266 152 0 0
266 266 152 0 0
264 266 152 0 0
266 1 0 0 0
0 267 597 10625 0
267 267 597 0 0
267 268 0 0 0
268 268 0 0 0
268 269 192 0 0
269 269 192 0 0
267 269 192 0 0
269 270 0 0 0
270 270 0 0 0
270 271 460 0 0
271 271 460 0 0
269 271 460 0 0
271 272 0 0 0
272 272 0 0 0
272 273 530 0 0
273 273 530 0 0
271 273 530 0 0
273 274 0 0 0
274 274 0 0 0
274 275 506 0 0
275 275 506 0 0
273 275 506 0 0
275 276 0 0 0
276 276 0 0 0
276 277 460 0 0
277 277 460 0 0
275 277 460 0 0
277 278 0 0 0
278 278 0 0 0
278 279 76 0 0
279 279 76 0 0
277 279 76 0 0
279 280 0 0 0
280 280 0 0 0
280 281 132 0 0
281 281 132 0 0
279 281 132 0 0
281 1 0 0 0
0 282 597 10625 0
282 282 597 0 0
282 283 0 0 0
283 283 0 0 0
283 284 192 0 0
284 284 192 0 0
282 284 192 0 0
284 285 0 0 0
285 285 0 0 0
285 286 460 0 0
286 286 460 0 0
284 286 460 0 0
286 287 0 0 0
287 287 0 0 0
287 288 530 0 0
288 288 530 0 0
286 288 530 0 0
288 289 0 0 0
289 289 0 0 0
289 290 506 0 0
290 290 506 0 0
288 290 506 0 0
290 291 0 0 0
291 291 0 0 0
291 292 460 0 0
292 292 460 0 0
290 292 460 0 0
292 293 0 0 0
293 293 0 0 0
293 294 77 0 0
294 294 77 0 0
292 294 77 0 0
294 1 0 0 0
0 295 597 10625 0
295 295 597 0 0
295 296 0 0 0
296 296 0 0 0
296 297 192 0 0
297 297 192 0 0
295 297 192 0 0
297 298 0 0 0
298 298 0 0 0
298 299 460 0 0
299 299 460 0 0
297 299 460 0 0
299 300 0 0 0
300 300 0 0 0
300 301 530 0 0
301 301 530 0 0
299 301 530 0 0
301 302 0 0 0
302 302 0 0 0
302 303 506 0 0
303 303 506 0 0
301 303 506 0 0
303 304 0 0 0
304 304 0 0 0
304 305 461 0 0
305 305 461 0 0
303 305 461 0 0
305 306 0 0 0
306 306 0 0 0
306 307 512 0 0
307 307 512 0 0
305 307 512 0 0
307 308 0 0 0
308 308 0 0 0
308 309 141 0 0
309 309 141 0 0
307 309 141 0 0
309 310 0 0 0
310 310 0 0 0
310 311 132 0 0
311 311 132 0 0
309 311 132 0 0
311 1 0 0 0
0 312 597 10625 0
312 312 597 0 0
312 313 0 0 0
313 313 0 0 0
313 314 192 0 0
314 314 192 0 0
312 314 192 0 0
314 315 0 0 0
315 315 0 0 0
315 316 460 0 0
316 316 460 0 0
314 316 460 0 0
316 317 0 0 0
317 317 0 0 0
317 318 530 0 0
318 318 530 0 0
316 318 530 0 0
318 319 0 0 0
319 319 0 0 0
319 320 506 0 0
320 320 506 0 0
318 320 506 0 0
320 321 0 0 0
321 321 0 0 0
321 322 461 0 0
322 322 461 0 0
320 322 461 0 0
322 323 0 0 0
323 323 0 0 0
323 324 512 0 0
324 324 512 0 0
322 324 512 0 0
324 325 0 0 0
325 325 0 0 0
325 326 152 0 0
326 326 152 0 0
324 326 152 0 0
326 1 0 0 0
0 327 597 10625 0
327 327 597 0 0
327 328 0 0 0
328 328 0 0 0
328 329 192 0 0
329 329 192 0 0
327 329 192 0 0
329 330 0 0 0
330 330 0 0 0
330 331 460 0 0
331 331 460 0 0
329 331 460 0 0
331 332 0 0 0
332 332 0 0 0
332 333 530 0 0
333 333 530 0 0
331 333 530 0 0
333 334 0 0 0
334 334 0 0 0
334 335 506 0 0
335 335 506 0 0
333 335 506 0 0
335 336 0 0 0
336 336 0 0 0
336 337 461 0 0
337 337 461 0 0
335 337 461 0 0
337 338 0 0 0
338 338 0 0 0
338 339 513 0 0
339 339 513 0 0
337 339 513 0 0
339 340 0 0 0
340 340 0 0 0
340 341 132 0 0
341 341 132 0 0
339 341 132 0 0
341 1 0 0 0
0 342 597 10625 0
342 342 597 0 0
342 343 0 0 0
343 343 0 0 0
343 344 192 0 0
344 344 192 0 0
342 344 192 0 0
344 345 0 0 0
345 345 0 0 0
345 346 460 0 0
346 346 460 0 0
344 346 460 0 0
346 347 0 0 0
347 347 0 0 0
347 348 557 0 0
348 348 557 0 0
346 348 557 0 0
348 349 0 0 0
349 349 0 0 0
349 350 512 0 0
350 350 512 0 0
348 350 512 0 0
350 351 0 0 0
351 351 0 0 0
351 352 460 0 0
352 352 460 0 0
350 352 460 0 0
352 353 0 0 0
353 353 0 0 0
353 354 19 0 0
354 354 19 0 0
352 354 19 0 0
354 355 0 0 0
355 355 0 0 0
355 356 512 0 0
356 356 512 0 0
354 356 512 0 0
356 357 0 0 0
357 357 0 0 0
357 358 141 0 0
358 358 141 0 0
356 358 141 0 0
358 359 0 0 0
359 359 0 0 0
359 360 132 0 0
360 360 132 0 0
358 360 132 0 0
360 1 0 0 0
0 361 597 10625 0
361 361 597 0 0
361 362 0 0 0
362 362 0 0 0
362 363 192 0 0
363 363 192 0 0
361 363 192 0 0
363 364 0 0 0
364 364 0 0 0
364 365 460 0 0
365 365 460 0 0
363 365 460 0 0
365 366 0 0 0
366 366 0 0 0
366 367 557 0 0
367 367 557 0 0
365 367 557 0 0
367 368 0 0 0
368 368 0 0 0
368 369 512 0 0
369 369 512 0 0
367 369 512 0 0
369 370 0 0 0
370 370 0 0 0
370 371 460 0 0
371 371 460 0 0
369 371 460 0 0
371 372 0 0 0
372 372 0 0 0
372 373 19 0 0
373 373 19 0 0
371 373 19 0 0
373 374 0 0 0
374 374 0 0 0
374 375 512 0 0
375 375 512 0 0
373 375 512 0 0
375 376 0 0 0
376 376 0 0 0
376 377 152 0 0
377 377 152 0 0
375 377 152 0 0
377 1 0 0 0
0 378 597 10625 0
378 378 597 0 0
378 379 0 0 0
379 379 0 0 0
379 380 192 0 0
380 380 192 0 0
378 380 192 0 0
380 381 0 0 0
381 381 0 0 0
381 382 460 0 0
382 382 460 0 0
380 382 460 0 0
382 383 0 0 0
383 383 0 0 0
383 384 557 0 0
384 384 557 0 0
382 384 557 0 0
384 385 0 0 0
385 385 0 0 0
385 386 512 0 0
386 386 512 0 0
384 386 512 0 0
386 387 0 0 0
387 387 0 0 0
387 388 460 0 0
388 388 460 0 0
386 388 460 0 0
388 389 0 0 0
389 389 0 0 0
389 390 19 0 0
390 390 19 0 0
388 390 19 0 0
390 391 0 0 0
391 391 0 0 0
391 392 513 0 0
392 392 513 0 0
390 392 513 0 0
392 393 0 0 0
393 393 0 0 0
393 394 132 0 0
394 394 132 0 0
392 394 132 0 0
394 1 0 0 0
0 395 597 10625 0
395 395 597 0 0
395 396 0 0 0
396 396 0 0 0
396 397 192 0 0
397 397 192 0 0
395 397 192 0 0
397 398 0 0 0
398 398 0 0 0
398 399 460 0 0
399 399 460 0 0
397 399 460 0 0
399 400 0 0 0
400 400 0 0 0
400 401 557 0 0
401 401 557 0 0
399 401 557 0 0
401 402 0 0 0
402 402 0 0 0
402 403 512 0 0
403 403 512 0 0
401 403 512 0 0
403 404 0 0 0
404 404 0 0 0
404 405 460 0 0
405 405 460 0 0
403 405 460 0 0
405 406 0 0 0
406 406 0 0 0
406 407 75 0 0
407 407 75 0 0
405 407 75 0 0
407 408 0 0 0
408 408 0 0 0
408 409 141 0 0
409 409 141 0 0
407 409 141 0 0
409 410 0 0 0
410 410 0 0 0
410 411 132 0 0
411 411 132 0 0
409 411 132 0 0
411 1 0 0 0
0 412 597 10625 0
412 412 597 0 0
412 413 0 0 0
413 413 0 0 0
413 414 192 0 0
414 414 192 0 0
412 414 192 0 0
414 415 0 0 0
415 415 0 0 0
415 416 460 0 0
416 416 460 0 0
414 416 460 0 0
416 417 0 0 0
417 417 0 0 0
417 418 557 0 0
418 418 557 0 0
416 418 557 0 0
418 419 0 0 0
419 419 0 0 0
419 420 512 0 0
420 420 512 0 0
418 420 512 0 0
420 421 0 0 0
421 421 0 0 0
421 422 460 0 0
422 422 460 0 0
420 422 460 0 0
422 423 0 0 0
423 423 0 0 0
423 424 75 0 0
424 424 75 0 0
422 424 75 0 0
424 425 0 0 0
425 425 0 0 0
425 426 152 0 0
426 426 152 0 0
424 426 152 0 0
426 1 0 0 0
0 427 597 10625 0
427 427 597 0 0
427 428 0 0 0
428 428 0 0 0
428 429 192 0 0
429 429 192 0 0
427 429 192 0 0
429 430 0 0 0
430 430 0 0 0
430 431 460 0 0
431 431 460 0 0
429 431 460 0 0
431 432 0 0 0
432 432 0 0 0
432 433 557 0 0
433 433 557 0 0
431 433 557 0 0
433 434 0 0 0
434 434 0 0 0
434 435 512 0 0
435 435 512 0 0
433 435 512 0 0
435 436 0 0 0
436 436 0 0 0
436 437 460 0 0
437 437 460 0 0
435 437 460 0 0
437 438 0 0 0
438 438 0 0 0
438 439 76 0 0
439 439 76 0 0
437 439 76 0 0
439 440 0 0 0
440 440 0 0 0
440 441 132 0 0
441 441 132 0 0
439 441 132 0 0
441 1 0 0 0
0 442 597 10625 0
442 442 597 0 0
442 443 0 0 0
443 443 0 0 0
443 444 192 0 0
444 444 192 0 0
442 444 192 0 0
444 445 0 0 0
445 445 0 0 0
445 446 460 0 0
446 446 460 0 0
444 446 460 0 0
446 447 0 0 0
447 447 0 0 0
447 448 557 0 0
448 448 557 0 0
446 448 557 0 0
448 449 0 0 0
449 449 0 0 0
449 450 512 0 0
450 450 512 0 0
448 450 512 0 0
450 451 0 0 0
451 451 0 0 0
451 452 460 0 0
452 452 460 0 0
450 452 460 0 0
452 453 0 0 0
453 453 0 0 0
453 454 77 0 0
454 454 77 0 0
452 454 77 0 0
454 1 0 0 0
0 455 597 10625 0
455 455 597 0 0
455 456 0 0 0
456 456 0 0 0
456 457 192 0 0
457 457 192 0 0
455 457 192 0 0
457 458 0 0 0
458 458 0 0 0
458 459 460 0 0
459 459 460 0 0
457 459 460 0 0
459 460 0 0 0
460 460 0 0 0
460 461 557 0 0
461 461 557 0 0
459 461 557 0 0
461 462 0 0 0
462 462 0 0 0
462 463 512 0 0
463 463 512 0 0
461 463 512 0 0
463 464 0 0 0
464 464 0 0 0
464 465 461 0 0
465 465 461 0 0
463 465 461 0 0
465 466 0 0 0
466 466 0 0 0
466 467 512 0 0
467 467 512 0 0
465 467 512 0 0
467 468 0 0 0
468 468 0 0 0
468 469 141 0 0
469 469 141 0 0
467 469 141 0 0
469 470 0 0 0
470 470 0 0 0
470 471 132 0 0
471 471 132 0 0
469 471 132 0 0
471 1 0 0 0
0 472 597 10625 0
472 472 597 0 0
472 473 0 0 0
473 473 0 0 0
473 474 192 0 0
474 474 192 0 0
472 474 192 0 0
474 475 0 0 0
475 475 0 0 0
475 476 460 0 0
476 476 460 0 0
474 476 460 0 0
476 477 0 0 0
477 477 0 0 0
477 478 557 0 0
478 478 557 0 0
476 478 557 0 0
478 479 0 0 0
479 479 0 0 0
479 480 512 0 0
480 480 512 0 0
478 480 512 0 0
480 481 0 0 0
481 481 0 0 0
481 482 461 0 0
482 482 461 0 0
480 482 461 0 0
482 483 0 0 0
483 483 0 0 0
483 484 512 0 0
484 484 512 0 0
482 484 512 0 0
484 485 0 0 0
485 485 0 0 0
485 486 152 0 0
486 486 152 0 0
484 486 152 0 0
486 1 0 0 0
0 487 597 10625 0
487 487 597 0 0
487 488 0 0 0
488 488 0 0 0
488 489 192 0 0
489 489 192 0 0
487 489 192 0 0
489 490 0 0 0
490 490 0 0 0
490 491 460 0 0
491 491 460 0 0
489 491 460 0 0
491 492 0 0 0
492 492 0 0 0
492 493 557 0 0
493 493 557 0 0
491 493 557 0 0
493 494 0 0 0
494 494 0 0 0
494 495 512 0 0
495 495 512 0 0
493 495 512 0 0
495 496 0 0 0
496 496 0 0 0
496 497 461 0 0
497 497 461 0 0
495 497 461 0 0
497 498 0 0 0
498 498 0 0 0
498 499 513 0 0
499 499 513 0 0
497 499 513 0 0
499 500 0 0 0
500 500 0 0 0
500 501 132 0 0
501 501 132 0 0
499 501 132 0 0
501 1 0 0 0
0 502 597 10625 0
502 502 597 0 0
502 503 0 0 0
503 503 0 0 0
503 504 192 0 0
504 504 192 0 0
502 504 192 0 0
504 505 0 0 0
505 505 0 0 0
505 506 460 0 0
506 506 460 0 0
504 506 460 0 0
506 507 0 0 0
507 507 0 0 0
507 508 558 0 0
508 508 558 0 0
506 508 558 0 0
508 509 0 0 0
509 509 0 0 0
509 510 460 0 0
510 510 460 0 0
508 510 460 0 0
510 511 0 0 0
511 511 0 0 0
511 512 19 0 0
512 512 19 0 0
510 512 19 0 0
512 513 0 0 0
513 513 0 0 0
513 514 512 0 0
514 514 512 0 0
512 514 512 0 0
514 515 0 0 0
515 515 0 0 0
515 516 141 0 0
516 516 141 0 0
514 516 141 0 0
516 517 0 0 0
517 517 0 0 0
517 518 132 0 0
518 518 132 0 0
516 518 132 0 0
518 1 0 0 0
0 519 597 10625 0
519 519 597 0 0
519 520 0 0 0
520 520 0 0 0
520 521 192 0 0
521 521 192 0 0
519 521 192 0 0
521 522 0 0 0
522 522 0 0 0
522 523 460 0 0
523 523 460 0 0
521 523 460 0 0
523 524 0 0 0
524 524 0 0 0
524 525 558 0 0
525 525 558 0 0
523 525 558 0 0
525 526 0 0 0
526 526 0 0 0
526 527 460 0 0
527 527 460 0 0
525 527 460 0 0
527 528 0 0 0
528 528 0 0 0
528 529 19 0 0
529 529 19 0 0
527 529 19 0 0
529 530 0 0 0
530 530 0 0 0
530 531 512 0 0
531 531 512 0 0
529 531 512 0 0
531 532 0 0 0
532 532 0 0 0
532 533 152 0 0
533 533 152 0 0
531 533 152 0 0
533 1 0 0 0
0 534 597 10625 0
534 534 597 0 0
534 535 0 0 0
535 535 0 0 0
535 536 192 0 0
536 536 192 0 0
534 536 192 0 0
536 537 0 0 0
537 537 0 0 0
537 538 460 0 0
538 538 460 0 0
536 538 460 0 0
538 539 0 0 0
539 539 0 0 0
539 540 558 0 0
540 540 558 0 0
538 540 558 0 0
540 541 0 0 0
541 541 0 0 0
541 542 460 0 0
542 542 460 0 0
540 542 460 0 0
542 543 0 0 0
543 543 0 0 0
543 544 19 0 0
544 544 19 0 0
542 544 19 0 0
544 545 0 0 0
545 545 0 0 0
545 546 513 0 0
546 546 513 0 0
544 546 513 0 0
546 547 0 0 0
547 547 0 0 0
547 548 132 0 0
548 548 132 0 0
546 548 132 0 0
548 1 0 0 0
0 549 597 10625 0
549 549 597 0 0
549 550 0 0 0
550 550 0 0 0
550 551 192 0 0
551 551 192 0 0
549 551 192 0 0
551 552 0 0 0
552 552 0 0 0
552 553 460 0 0
553 553 460 0 0
551 553 460 0 0
553 554 0 0 0
554 554 0 0 0
554 555 558 0 0
555 555 558 0 0
553 555 558 0 0
555 556 0 0 0
556 556 0 0 0
556 557 460 0 0
557 557 460 0 0
555 557 460 0 0
557 558 0 0 0
558 558 0 0 0
558 559 75 0 0
559 559 75 0 0
557 559 75 0 0
559 560 0 0 0
560 560 0 0 0
560 561 141 0 0
561 561 141 0 0
559 561 141 0 0
561 562 0 0 0
562 562 0 0 0
562 563 132 0 0
563 563 132 0 0
561 563 132 0 0
563 1 0 0 0
0 564 597 10625 0
564 564 597 0 0
564 565 0 0 0
565 565 0 0 0
565 566 192 0 0
566 566 192 0 0
564 566 192 0 0
566 567 0 0 0
567 567 0 0 0
567 568 460 0 0
568 568 460 0 0
566 568 460 0 0
568 569 0 0 0
569 569 0 0 0
569 570 558 0 0
570 570 558 0 0
568 570 558 0 0
570 571 0 0 0
571 571 0 0 0
571 572 460 0 0
572 572 460 0 0
570 572 460 0 0
572 573 0 0 0
573 573 0 0 0
573 574 75 0 0
574 574 75 0 0
572 574 75 0 0
574 575 0 0 0
575 575 0 0 0
575 576 152 0 0
576 576 152 0 0
574 576 152 0 0
576 1 0 0 0
0 577 597 10625 0
577 577 597 0 0
577 578 0 0 0
578 578 0 0 0
578 579 192 0 0
579 579 192 0 0
577 579 192 0 0
579 580 0 0 0
580 580 0 0 0
580 581 460 0 0
581 581 460 0 0
579 581 460 0 0
581 582 0 0 0
582 582 0 0 0
582 583 558 0 0
583 583 558 0 0
581 583 558 0 0
583 584 0 0 0
584 584 0 0 0
584 585 460 0 0
585 585 460 0 0
583 585 460 0 0
585 586 0 0 0
586 586 0 0 0
586 587 76 0 0
587 587 76 0 0
585 587 76 0 0
587 588 0 0 0
588 588 0 0 0
588 589 132 0 0
589 589 132 0 0
587 589 132 0 0
589 1 0 0 0
0 590 597 10625 0
590 590 597 0 0
590 591 0 0 0
591 591 0 0 0
591 592 192 0 0
592 592 192 0 0
590 592 192 0 0
592 593 0 0 0
593 593 0 0 0
593 594 460 0 0
594 594 460 0 0
592 594 460 0 0
594 595 0 0 0
595 595 0 0 0
595 596 558 0 0
596 596 558 0 0
594 596 558 0 0
596 597 0 0 0
597 597 0 0 0
597 598 460 0 0
598 598 460 0 0
596 598 460 0 0
598 599 0 0 0
599 599 0 0 0
599 600 77 0 0
600 600 77 0 0
598 600 77 0 0
600 1 0 0 0
0 601 597 10625 0
601 601 597 0 0
601 602 0 0 0
602 602 0 0 0
602 603 192 0 0
603 603 192 0 0
601 603 192 0 0
603 604 0 0 0
604 604 0 0 0
604 605 460 0 0
605 605 460 0 0
603 605 460 0 0
605 606 0 0 0
606 606 0 0 0
606 607 558 0 0
607 607 558 0 0
605 607 558 0 0
607 608 0 0 0
608 608 0 0 0
608 609 461 0 0
609 609 461 0 0
607 609 461 0 0
609 610 0 0 0
610 610 0 0 0
610 611 512 0 0
611 611 512 0 0
609 611 512 0 0
611 612 0 0 0
612 612 0 0 0
612 613 141 0 0
613 613 141 0 0
611 613 141 0 0
613 614 0 0 0
614 614 0 0 0
614 615 132 0 0
615 615 132 0 0
613 615 132 0 0
615 1 0 0 0
0 616 597 10625 0
616 616 597 0 0
616 617 0 0 0
617 617 0 0 0
617 618 192 0 0
618 618 192 0 0
616 618 192 0 0
618 619 0 0 0
619 619 0 0 0
619 620 460 0 0
620 620 460 0 0
618 620 460 0 0
620 621 0 0 0
621 621 0 0 0
621 622 558 0 0
622 622 558 0 0
620 622 558 0 0
622 623 0 0 0
623 623 0 0 0
623 624 461 0 0
624 624 461 0 0
622 624 461 0 0
624 625 0 0 0
625 625 0 0 0
625 626 512 0 0
626 626 512 0 0
624 626 512 0 0
626 627 0 0 0
627 627 0 0 0
627 628 152 0 0
628 628 152 0 0
626 628 152 0 0
628 1 0 0 0
0 629 597 10625 0
629 629 597 0 0
629 630 0 0 0
630 630 0 0 0
630 631 192 0 0
631 631 192 0 0
629 631 192 0 0
631 632 0 0 0
632 632 0 0 0
632 633 460 0 0
633 633 460 0 0
631 633 460 0 0
633 634 0 0 0
634 634 0 0 0
634 635 558 0 0
635 635 558 0 0
633 635 558 0 0
635 636 0 0 0
636 636 0 0 0
636 637 461 0 0
637 637 461 0 0
635 637 461 0 0
637 638 0 0 0
638 638 0 0 0
638 639 513 0 0
639 639 513 0 0
637 639 513 0 0
639 640 0 0 0
640 640 0 0 0
640 641 132 0 0
641 641 132 0 0
639 641 132 0 0
641 1 0 0 0
0 642 597 10625 0
642 642 597 0 0
642 643 0 0 0
643 643 0 0 0
643 644 192 0 0
644 644 192 0 0
642 644 192 0 0
644 645 0 0 0
645 645 0 0 0
645 646 487 0 0
646 646 487 0 0
644 646 487 0 0
646 647 0 0 0
647 647 0 0 0
647 648 490 0 0
648 648 490 0 0
646 648 490 0 0
648 649 0 0 0
649 649 0 0 0
649 650 512 0 0
650 650 512 0 0
648 650 512 0 0
650 651 0 0 0
651 651 0 0 0
651 652 460 0 0
652 652 460 0 0
650 652 460 0 0
652 653 0 0 0
653 653 0 0 0
653 654 19 0 0
654 654 19 0 0
652 654 19 0 0
654 655 0 0 0
655 655 0 0 0
655 656 512 0 0
656 656 512 0 0
654 656 512 0 0
656 657 0 0 0
657 657 0 0 0
657 658 141 0 0
658 658 141 0 0
656 658 141 0 0
658 659 0 0 0
659 659 0 0 0
659 660 132 0 0
660 660 132 0 0
658 660 132 0 0
660 1 0 0 0
0 661 597 10625 0
661 661 597 0 0
661 662 0 0 0
662 662 0 0 0
662 663 192 0 0
663 663 192 0 0
661 663 192 0 0
663 664 0 0 0
664 664 0 0 0
664 665 487 0 0
665 665 487 0 0
663 665 487 0 0
665 666 0 0 0
666 666 0 0 0
666 667 490 0 0
667 667 490 0 0
665 667 490 0 0
667 668 0 0 0
668 668 0 0 0
668 669 512 0 0
669 669 512 0 0
667 669 512 0 0
669 670 0 0 0
670 670 0 0 0
670 671 460 0 0
671 671 460 0 0
669 671 460 0 0
671 672 0 0 0
672 672 0 0 0
672 673 19 0 0
673 673 19 0 0
671 673 19 0 0
673 674 0 0 0
674 674 0 0 0
674 675 512 0 0
675 675 512 0 0
673 675 512 0 0
675 676 0 0 0
676 676 0 0 0
676 677 152 0 0
677 677 152 0 0
675 677 152 0 0
677 1 0 0 0
0 678 597 10625 0
678 678 597 0 0
678 679 0 0 0
679 679 0 0 0
679 680 192 0 0
680 680 192 0 0
678 680 192 0 0
680 681 0 0 0
681 681 0 0 0
681 682 487 0 0
682 682 487 0 0
680 682 487 0 0
682 683 0 0 0
683 683 0 0 0
683 684 490 0 0
684 684 490 0 0
682 684 490 0 0
684 685 0 0 0
685 685 0 0 0
685 686 512 0 0
686 686 512 0 0
684 686 512 0 0
686 687 0 0 0
687 687 0 0 0
687 688 460 0 0
688 688 460 0 0
686 688 460 0 0
688 689 0 0 0
689 689 0 0 0
689 690 19 0 0
690 690 19 0 0
688 690 19 0 0
690 691 0 0 0
691 691 0 0 0
691 692 513 0 0
692 692 513 0 0
690 692 513 0 0
692 693 0 0 0
693 693 0 0 0
693 694 132 0 0
694 694 132 0 0
692 694 132 0 0
694 1 0 0 0
0 695 597 10625 0
695 695 597 0 0
695 696 0 0 0
696 696 0 0 0
696 697 192 0 0
697 697 192 0 0
695 697 192 0 0
697 698 0 0 0
698 698 0 0 0
698 699 487 0 0
699 699 487 0 0
697 699 487 0 0
699 700 0 0 0
700 700 0 0 0
700 701 490 0 0
701 701 490 0 0
699 701 490 0 0
701 702 0 0 0
702 702 0 0 0
702 703 512 0 0
703 703 512 0 0
701 703 512 0 0
703 704 0 0 0
704 704 0 0 0
704 705 460 0 0
705 705 460 0 0
703 705 460 0 0
705 706 0 0 0
706 706 0 0 0
706 707 75 0 0
707 707 75 0 0
705 707 75 0 0
707 708 0 0 0
708 708 0 0 0
708 709 141 0 0
709 709 141 0 0
707 709 141 0 0
709 710 0 0 0
710 710 0 0 0
710 711 132 0 0
711 711 132 0 0
709 711 132 0 0
711 1 0 0 0
0 712 597 10625 0
712 712 597 0 0
712 713 0 0 0
713 713 0 0 0
713 714 192 0 0
714 714 192 0 0
712 714 192 0 0
714 715 0 0 0
715 715 0 0 0
715 716 487 0 0
716 716 487 0 0
714 716 487 0 0
716 717 0 0 0
717 717 0 0 0
717 718 490 0 0
718 718 490 0 0
716 718 490 0 0
718 719 0 0 0
719 719 0 0 0
719 720 512 0 0
720 720 512 0 0
718 720 512 0 0
720 721 0 0 0
721 721 0 0 0
721 722 460 0 0
722 722 460 0 0
720 722 460 0 0
722 723 0 0 0
723 723 0 0 0
723 724 75 0 0
724 724 75 0 0
722 724 75 0 0
724 725 0 0 0
725 725 0 0 0
725 726 152 0 0
726 726 152 0 0
724 726 152 0 0
726 1 0 0 0
0 727 597 10625 0
727 727 597 0 0
727 728 0 0 0
728 728 0 0 0
728 729 192 0 0
729 729 192 0 0
727 729 192 0 0
729 730 0 0 0
730 730 0 0 0
730 731 487 0 0
731 731 487 0 0
729 731 487 0 0
731 732 0 0 0
732 732 0 0 0
732 733 490 0 0
733 733 490 0 0
731 733 490 0 0
733 734 0 0 0
734 734 0 0 0
734 735 512 0 0
735 735 512 0 0
733 735 512 0 0
735 736 0 0 0
736 736 0 0 0
736 737 460 0 0
737 737 460 0 0
735 737 460 0 0
737 738 0 0 0
738 738 0 0 0
738 739 76 0 0
739 739 76 0 0
737 739 76 0 0
739 740 0 0 0
740 740 0 0 0
740 741 132 0 0
741 741 132 0 0
739 741 132 0 0
741 1 0 0 0
0 742 597 10625 0
742 742 597 0 0
742 743 0 0 0
743 743 0 0 0
743 744 192 0 0
744 744 192 0 0
742 744 192 0 0
744 745 0 0 0
745 745 0 0 0
745 746 487 0 0
746 746 487 0 0
744 746 487 0 0
746 747 0 0 0
747 747 0 0 0
747 748 490 0 0
748 748 490 0 0
746 748 490 0 0
748 749 0 0 0
749 749 0 0 0
749 750 512 0 0
750 750 512 0 0
748 750 512 0 0
750 751 0 0 0
751 751 0 0 0
751 752 460 0 0
752 752 460 0 0
750 752 460 0 0
752 753 0 0 0
753 753 0 0 0
753 754 77 0 0
754 754 77 0 0
752 754 77 0 0
754 1 0 0 0
0 755 597 10625 0
755 755 597 0 0
755 756 0 0 0
756 756 0 0 0
756 757 192 0 0
757 757 192 0 0
755 757 192 0 0
757 758 0 0 0
758 758 0 0 0
758 759 487 0 0
759 759 487 0 0
757 759 487 0 0
759 760 0 0 0
760 760 0 0 0
760 761 490 0 0
761 761 490 0 0
759 761 490 0 0
761 762 0 0 0
762 762 0 0 0
762 763 512 0 0
763 763 512 0 0
761 763 512 0 0
763 764 0 0 0
764 764 0 0 0
764 765 461 0 0
765 765 461 0 0
763 765 461 0 0
765 766 0 0 0
766 766 0 0 0
766 767 512 0 0
767 767 512 0 0
765 767 512 0 0
767 768 0 0 0
768 768 0 0 0
768 769 141 0 0
769 769 141 0 0
767 769 141 0 0
769 770 0 0 0
770 770 0 0 0
770 771 132 0 0
771 771 132 0 0
769 771 132 0 0
771 1 0 0 0
0 772 597 10625 0
772 772 597 0 0
772 773 0 0 0
773 773 0 0 0
773 774 192 0 0
774 774 192 0 0
772 774 192 0 0
774 775 0 0 0
775 775 0 0 0
775 776 487 0 0
776 776 487 0 0
774 776 487 0 0
776 777 0 0 0
777 777 0 0 0
777 778 490 0 0
778 778 490 0 0
776 778 490 0 0
778 779 0 0 0
779 779 0 0 0
779 780 512 0 0
780 780 512 0 0
778 780 512 0 0
780 781 0 0 0
781 781 0 0 0
781 782 461 0 0
782 782 461 0 0
780 782 461 0 0
782 783 0 0 0
783 783 0 0 0
783 784 512 0 0
784 784 512 0 0
782 784 512 0 0
784 785 0 0 0
785 785 0 0 0
785 786 152 0 0
786 786 152 0 0
784 786 152 0 0
786 1 0 0 0
0 787 597 10625 0
787 787 597 0 0
787 788 0 0 0
788 788 0 0 0
788 789 192 0 0
789 789 192 0 0
787 789 192 0 0
789 790 0 0 0
790 790 0 0 0
790 791 487 0 0
791 791 487 0 0
789 791 487 0 0
791 792 0 0 0
792 792 0 0 0
792 793 490 0 0
793 793 490 0 0
791 793 490 0 0
793 794 0 0 0
794 794 0 0 0
794 795 512 0 0
795 795 512 0 0
793 795 512 0 0
795 796 0 0 0
796 796 0 0 0
796 797 461 0 0
797 797 461 0 0
795 797 461 0 0
797 798 0 0 0
798 798 0 0 0
798 799 513 0 0
799 799 513 0 0
797 799 513 0 0
799 800 0 0 0
800 800 0 0 0
800 801 132 0 0
801 801 132 0 0
799 801 132 0 0
801 1 0 0 0
0 802 597 10625 0
802 802 597 0 0
802 803 0 0 0
803 803 0 0 0
803 804 192 0 0
804 804 192 0 0
802 804 192 0 0
804 805 0 0 0
805 805 0 0 0
805 806 487 0 0
806 806 487 0 0
804 806 487 0 0
806 807 0 0 0
807 807 0 0 0
807 808 506 0 0
808 808 506 0 0
806 808 506 0 0
808 809 0 0 0
809 809 0 0 0
809 810 460 0 0
810 810 460 0 0
808 810 460 0 0
810 811 0 0 0
811 811 0 0 0
811 812 19 0 0
812 812 19 0 0
810 812 19 0 0
812 813 0 0 0
813 813 0 0 0
813 814 512 0 0
814 814 512 0 0
812 814 512 0 0
814 815 0 0 0
815 815 0 0 0
815 816 141 0 0
816 816 141 0 0
814 816 141 0 0
816 817 0 0 0
817 817 0 0 0
817 818 132 0 0
818 818 132 0 0
816 818 132 0 0
818 1 0 0 0
0 819 597 10625 0
819 819 597 0 0
819 820 0 0 0
820 820 0 0 0
820 821 192 0 0
821 821 192 0 0
819 821 192 0 0
821 822 0 0 0
822 822 0 0 0
822 823 487 0 0
823 823 487 0 0
821 823 487 0 0
823 824 0 0 0
824 824 0 0 0
824 825 506 0 0
825 825 506 0 0
823 825 506 0 0
825 826 0 0 0
826 826 0 0 0
826 827 460 0 0
827 827 460 0 0
825 827 460 0 0
827 828 0 0 0
828 828 0 0 0
828 829 19 0 0
829 829 19 0 0
827 829 19 0 0
829 830 0 0 0
830 830 0 0 0
830 831 512 0 0
831 831 512 0 0
829 831 512 0 0
831 832 0 0 0
832 832 0 0 0
832 833 152 0 0
833 833 152 0 0
831 833 152 0 0
833 1 0 0 0
0 834 597 10625 0
834 834 597 0 0
834 835 0 0 0
835 835 0 0 0
835 836 192 0 0
836 836 192 0 0
834 836 192 0 0
836 837 0 0 0
837 837 0 0 0
837 838 487 0 0
838 838 487 0 0
836 838 487 0 0
838 839 0 0 0
839 839 0 0 0
839 840 506 0 0
840 840 506 0 0
838 840 506 0 0
840 841 0 0 0
841 841 0 0 0
841 842 460 0 0
842 842 460 0 0
840 842 460 0 0
842 843 0 0 0
843 843 0 0 0
843 844 19 0 0
844 844 19 0 0
842 844 19 0 0
844 845 0 0 0
845 845 0 0 0
845 846 513 0 0
846 846 513 0 0
844 846 513 0 0
846 847 0 0 0
847 847 0 0 0
847 848 132 0 0
848 848 132 0 0
846 848 132 0 0
848 1 0 0 0
0 849 597 10625 0
849 849 597 0 0
849 850 0 0 0
850 850 0 0 0
850 851 192 0 0
851 851 192 0 0
849 851 192 0 0
851 852 0 0 0
852 852 0 0 0
852 853 487 0 0
853 853 487 0 0
851 853 487 0 0
853 854 0 0 0
854 854 0 0 0
854 855 506 0 0
855 855 506 0 0
853 855 506 0 0
855 856 0 0 0
856 856 0 0 0
856 857 460 0 0
857 857 460 0 0
855 857 460 0 0
857 858 0 0 0
858 858 0 0 0
858 859 75 0 0
859 859 75 0 0
857 859 75 0 0
859 860 0 0 0
860 860 0 0 0
860 861 141 0 0
861 861 141 0 0
859 861 141 0 0
861 862 0 0 0
862 862 0 0 0
862 863 132 0 0
863 863 132 0 0
861 863 132 0 0
863 1 0 0 0
0 864 597 10625 0
864 864 597 0 0
864 865 0 0 0
865 865 0 0 0
865 866 192 0 0
866 866 192 0 0
864 866 192 0 0
866 867 0 0 0
867 867 0 0 0
867 868 487 0 0
868 868 487 0 0
866 868 487 0 0
868 869 0 0 0
869 869 0 0 0
869 870 506 0 0
870 870 506 0 0
868 870 506 0 0
870 871 0 0 0
871 871 0 0 0
871 872 460 0 0
872 872 460 0 0
870 872 460 0 0
872 873 0 0 0
873 873 0 0 0
873 874 75 0 0
874 874 75 0 0
872 874 75 0 0
874 875 0 0 0
875 875 0 0 0
875 876 152 0 0
876 876 152 0 0
874 876 152 0 0
876 1 0 0 0
0 877 597 10625 0
877 877 597 0 0
877 878 0 0 0
878 878 0 0 0
878 879 192 0 0
879 879 192 0 0
877 879 192 0 0
879 880 0 0 0
880 880 0 0 0
880 881 487 0 0
881 881 487 0 0
879 881 487 0 0
881 882 0 0 0
882 882 0 0 0
882 883 506 0 0
883 883 506 0 0
881 883 506 0 0
883 884 0 0 0
884 884 0 0 0
884 885 460 0 0
885 885 460 0 0
883 885 460 0 0
885 886 0 0 0
886 886 0 0 0
886 887 76 0 0
887 887 76 0 0
885 887 76 0 0
887 888 0 0 0
888 888 0 0 0
888 889 132 0 0
889 889 132 0 0
887 889 132 0 0
889 1 0 0 0
0 890 597 10625 0
890 890 597 0 0
890 891 0 0 0
891 891 0 0 0
891 892 192 0 0
892 892 192 0 0
890 892 192 0 0
892 893 0 0 0
893 893 0 0 0
893 894 487 0 0
894 894 487 0 0
892 894 487 0 0
894 895 0 0 0
895 895 0 0 0
895 896 506 0 0
896 896 506 0 0
894 896 506 0 0
896 897 0 0 0
897 897 0 0 0
897 898 460 0 0
898 898 460 0 0
896 898 460 0 0
898 899 0 0 0
899 899 0 0 0
899 900 77 0 0
900 900 77 0 0
898 900 77 0 0
900 1 0 0 0
0 901 597 10625 0
901 901 597 0 0
901 902 0 0 0
902 902 0 0 0
902 903 192 0 0
903 903 192 0 0
901 903 192 0 0
903 904 0 0 0
904 904 0 0 0
904 905 487 0 0
905 905 487 0 0
903 905 487 0 0
905 906 0 0 0
906 906 0 0 0
906 907 506 0 0
907 907 506 0 0
905 907 506 0 0
907 908 0 0 0
908 908 0 0 0
908 909 461 0 0
909 909 461 0 0
907 909 461 0 0
909 910 0 0 0
910 910 0 0 0
910 911 512 0 0
911 911 512 0 0
909 911 512 0 0
911 912 0 0 0
912 912 0 0 0
912 913 141 0 0
913 913 141 0 0
911 913 141 0 0
913 914 0 0 0
914 914 0 0 0
914 915 132 0 0
915 915 132 0 0
913 915 132 0 0
915 1 0 0 0
0 916 597 10625 0
916 916 597 0 0
916 917 0 0 0
917 917 0 0 0
917 918 192 0 0
918 918 192 0 0
916 918 192 0 0
918 919 0 0 0
919 919 0 0 0
919 920 487 0 0
920 920 487 0 0
918 920 487 0 0
920 921 0 0 0
921 921 0 0 0
921 922 506 0 0
922 922 506 0 0
920 922 506 0 0
922 923 0 0 0
923 923 0 0 0
923 924 461 0 0
924 924 461 0 0
922 924 461 0 0
924 925 0 0 0
925 925 0 0 0
925 926 512 0 0
926 926 512 0 0
924 926 512 0 0
926 927 0 0 0
927 927 0 0 0
927 928 152 0 0
928 928 152 0 0
926 928 152 0 0
928 1 0 0 0
0 929 597 10625 0
929 929 597 0 0
929 930 0 0 0
930 930 0 0 0
930 931 192 0 0
931 931 192 0 0
929 931 192 0 0
931 932 0 0 0
932 932 0 0 0
932 933 487 0 0
933 933 487 0 0
931 933 487 0 0
933 934 0 0 0
934 934 0 0 0
934 935 506 0 0
935 935 506 0 0
933 935 506 0 0
935 936 0 0 0
936 936 0 0 0
936 937 461 0 0
937 937 461 0 0
935 937 461 0 0
937 938 0 0 0
938 938 0 0 0
938 939 513 0 0
939 939 513 0 0
937 939 513 0 0
939 940 0 0 0
940 940 0 0 0
940 941 132 0 0
941 941 132 0 0
939 941 132 0 0
941 1 0 0 0
0 942 1001 10625 0
942 942 1001 0 0
942 943 0 0 0
943 943 0 0 0
943 944 460 0 0
944 944 460 0 0
942 944 460 0 0
944 945 0 0 0
945 945 0 0 0
945 946 530 0 0
946 946 530 0 0
944 946 530 0 0
946 947 0 0 0
947 947 0 0 0
947 948 490 0 0
948 948 490 0 0
946 948 490 0 0
948 949 0 0 0
949 949 0 0 0
949 950 512 0 0
950 950 512 0 0
948 950 512 0 0
950 951 0 0 0
951 951 0 0 0
951 952 460 0 0
952 952 460 0 0
950 952 460 0 0
952 953 0 0 0
953 953 0 0 0
953 954 19 0 0
954 954 19 0 0
952 954 19 0 0
954 955 0 0 0
955 955 0 0 0
955 956 512 0 0
956 956 512 0 0
954 956 512 0 0
956 957 0 0 0
957 957 0 0 0
957 958 141 0 0
958 958 141 0 0
956 958 141 0 0
958 959 0 0 0
959 959 0 0 0
959 960 132 0 0
960 960 132 0 0
958 960 132 0 0
960 1 0 0 0
0 961 1001 10625 0
961 961 1001 0 0
961 962 0 0 0
962 962 0 0 0
962 963 460 0 0
963 963 460 0 0
961 963 460 0 0
963 964 0 0 0
964 964 0 0 0
964 965 530 0 0
965 965 530 0 0
963 965 530 0 0
965 966 0 0 0
966 966 0 0 0
966 967 490 0 0
967 967 490 0 0
965 967 490 0 0
967 968 0 0 0
968 968 0 0 0
968 969 512 0 0
969 969 512 0 0
967 969 512 0 0
969 970 0 0 0
970 970 0 0 0
970 971 460 0 0
971 971 460 0 0
969 971 460 0 0
971 972 0 0 0
972 972 0 0 0
972 973 19 0 0
973 973 19 0 0
971 973 19 0 0
973 974 0 0 0
974 974 0 0 0
974 975 512 0 0
975 975 512 0 0
973 975 512 0 0
975 976 0 0 0
976 976 0 0 0
976 977 152 0 0
977 977 152 0 0
975 977 152 0 0
977 1 0 0 0
0 978 1001 10625 0
978 978 1001 0 0
978 979 0 0 0
979 979 0 0 0
979 980 460 0 0
980 980 460 0 0
978 980 460 0 0
980 981 0 0 0
981 981 0 0 0
981 982 530 0 0
982 982 530 0 0
980 982 530 0 0
982 983 0 0 0
983 983 0 0 0
983 984 490 0 0
984 984 490 0 0
982 984 490 0 0
984 985 0 0 0
985 985 0 0 0
985 986 512 0 0
986 986 512 0 0
984 986 512 0 0
986 987 0 0 0
987 987 0 0 0
987 988 460 0 0
988 988 460 0 0
986 988 460 0 0
988 989 0 0 0
989 989 0 0 0
989 990 19 0 0
990 990 19 0 0
988 990 19 0 0
990 991 0 0 0
991 991 0 0 0
991 992 513 0 0
992 992 513 0 0
990 992 513 0 0
992 993 0 0 0
993 993 0 0 0
993 994 132 0 0
994 994 132 0 0
992 994 132 0 0
994 1 0 0 0
0 995 1001 10625 0
995 995 1001 0 0
995 996 0 0 0
996 996 0 0 0
996 997 460 0 0
997 997 460 0 0
995 997 460 0 0
997 998 0 0 0
998 998 0 0 0
998 999 530 0 0
999 999 530 0 0
997 999 530 0 0
999 1000 0 0 0
1000 1000 0 0 0
1000 1001 490 0 0
1001 1001 490 0 0
999 1001 490 0 0
1001 1002 0 0 0
1002 1002 0 0 0
1002 1003 512 0 0
1003 1003 512 0 0
1001 1003 512 0 0
1003 1004 0 0 0
1004 1004 0 0 0
1004 1005 460 0 0
1005 1005 460 0 0
1003 1005 460 0 0
1005 1006 0 0 0
1006 1006 0 0 0
1006 1007 75 0 0
1007 1007 75 0 0
1005 1007 75 0 0
1007 1008 0 0 0
1008 1008 0 0 0
1008 1009 141 0 0
1009 1009 141 0 0
1007 1009 141 0 0
1009 1010 0 0 0
1010 1010 0 0 0
1010 1011 132 0 0
1011 1011 132 0 0
1009 1011 132 0 0
1011 1 0 0 0
0 1012 1001 10625 0
1012 1012 1001 0 0
1012 1013 0 0 0
1013 1013 0 0 0
1013 1014 460 0 0
1014 1014 460 0 0
1012 1014 460 0 0
1014 1015 0 0 0
1015 1015 0 0 0
1015 1016 530 0 0
1016 1016 530 0 0
1014 1016 530 0 0
1016 1017 0 0 0
1017 1017 0 0 0
1017 1018 490 0 0
1018 1018 490 0 0
1016 1018 490 0 0
1018 1019 0 0 0
1019 1019 0 0 0
1019 1020 512 0 0
1020 1020 512 0 0
1018 1020 512 0 0
1020 1021 0 0 0
1021 1021 0 0 0
1021 1022 460 0 0
1022 1022 460 0 0
1020 1022 460 0 0
1022 1023 0 0 0
1023 1023 0 0 0
1023 1024 75 0 0
1024 1024 75 0 0
1022 1024 75 0 0
1024 1025 0 0 0
1025 1025 0 0 0
1025 1026 152 0 0
1026 1026 152 0 0
1024 1026 152 0 0
1026 1 0 0 0
0 1027 1001 10625 0
1027 1027 1001 0 0
1027 1028 0 0 0
1028 1028 0 0 0
1028 1029 460 0 0
1029 1029 460 0 0
1027 1029 460 0 0
1029 1030 0 0 0
1030 1030 0 0 0
1030 1031 530 0 0
1031 1031 530 0 0
1029 1031 530 0 0
1031 1032 0 0 0
1032 1032 0 0 0
1032 1033 490 0 0
1033 1033 490 0 0
1031 1033 490 0 0
1033 1034 0 0 0
1034 1034 0 0 0
1034 1035 512 0 0
1035 1035 512 0 0
1033 1035 512 0 0
1035 1036 0 0 0
1036 1036 0 0 0
1036 1037 460 0 0
1037 1037 460 0 0
1035 1037 460 0 0
1037 1038 0 0 0
1038 1038 0 0 0
1038 1039 76 0 0
1039 1039 76 0 0
1037 1039 76 0 0
1039 1040 0 0 0
1040 1040 0 0 0
1040 1041 132 0 0
1041 1041 132 0 0
1039 1041 132 0 0
1041 1 0 0 0
0 1042 1001 10625 0
1042 1042 1001 0 0
1042 1043 0 0 0
1043 1043 0 0 0
1043 1044 460 0 0
1044 1044 460 0 0
1042 1044 460 0 0
1044 1045 0 0 0
1045 1045 0 0 0
1045 1046 530 0 0
1046 1046 530 0 0
1044 1046 530 0 0
1046 1047 0 0 0
1047 1047 0 0 0
1047 1048 490 0 0
1048 1048 490 0 0
1046 1048 490 0 0
1048 1049 0 0 0
1049 1049 0 0 0
1049 1050 512 0 0
1050 1050 512 0 0
1048 1050 512 0 0
1050 1051 0 0 0
1051 1051 0 0 0
1051 1052 460 0 0
1052 1052 460 0 0
1050 1052 460 0 0
1052 1053 0 0 0
1053 1053 0 0 0
1053 1054 77 0 0
1054 1054 77 0 0
1052 1054 77 0 0
1054 1 0 0 0
0 1055 1001 10625 0
1055 1055 1001 0 0
1055 1056 0 0 0
1056 1056 0 0 0
1056 1057 460 0 0
1057 1057 460 0 0
1055 1057 460 0 0
1057 1058 0 0 0
1058 1058 0 0 0
1058 1059 530 0 0
1059 1059 530 0 0
1057 1059 530 0 0
1059 1060 0 0 0
1060 1060 0 0 0
1060 1061 490 0 0
1061 1061 490 0 0
1059 1061 490 0 0
1061 1062 0 0 0
1062 1062 0 0 0
1062 1063 512 0 0
1063 1063 512 0 0
1061 1063 512 0 0
1063 1064 0 0 0
1064 1064 0 0 0
1064 1065 461 0 0
1065 1065 461 0 0
1063 1065 461 0 0
1065 1066 0 0 0
1066 1066 0 0 0
1066 1067 512 0 0
1067 1067 512 0 0
1065 1067 512 0 0
1067 1068 0 0 0
1068 1068 0 0 0
1068 1069 141 0 0
1069 1069 141 0 0
1067 1069 141 0 0
1069 1070 0 0 0
1070 1070 0 0 0
1070 1071 132 0 0
1071 1071 132 0 0
1069 1071 132 0 0
1071 1 0 0 0
0 1072 1001 10625 0
1072 1072 1001 0 0
1072 1073 0 0 0
1073 1073 0 0 0
1073 1074 460 0 0
1074 1074 460 0 0
1072 1074 460 0 0
1074 1075 0 0 0
1075 1075 0 0 0
1075 1076 530 0 0
1076 1076 530 0 0
1074 1076 530 0 0
1076 1077 0 0 0
1077 1077 0 0 0
1077 1078 490 0 0
1078 1078 490 0 0
1076 1078 490 0 0
1078 1079 0 0 0
1079 1079 0 0 0
1079 1080 512 0 0
1080 1080 512 0 0
1078 1080 512 0 0
1080 1081 0 0 0
1081 1081 0 0 0
1081 1082 461 0 0
1082 1082 461 0 0
1080 1082 461 0 0
1082 1083 0 0 0
1083 1083 0 0 0
1083 1084 512 0 0
1084 1084 512 0 0
1082 1084 512 0 0
1084 1085 0 0 0
1085 1085 0 0 0
1085 1086 152 0 0
1086 1086 152 0 0
1084 1086 152 0 0
1086 1 0 0 0
0 1087 1001 10625 0
1087 1087 1001 0 0
1087 1088 0 0 0
1088 1088 0 0 0
1088 1089 460 0 0
1089 1089 460 0 0
1087 1089 460 0 0
1089 1090 0 0 0
1090 1090 0 0 0
1090 1091 530 0 0
1091 1091 530 0 0
1089 1091 530 0 0
1091 1092 0 0 0
1092 1092 0 0 0
1092 1093 490 0 0
1093 1093 490 0 0
1091 1093 490 0 0
1093 1094 0 0 0
1094 1094 0 0 0
1094 1095 512 0 0
1095 1095 512 0 0
1093 1095 512 0 0
1095 1096 0 0 0
1096 1096 0 0 0
1096 1097 461 0 0
1097 1097 461 0 0
1095 1097 461 0 0
1097 1098 0 0 0
1098 1098 0 0 0
1098 1099 513 0 0
1099 1099 513 0 0
1097 1099 513 0 0
1099 1100 0 0 0
1100 1100 0 0 0
1100 1101 132 0 0
1101 1101 132 0 0
1099 1101 132 0 0
1101 1 0 0 0
0 1102 1001 10625 0
1102 1102 1001 0 0
1102 1103 0 0 0
1103 1103 0 0 0
1103 1104 460 0 0
1104 1104 460 0 0
1102 1104 460 0 0
1104 1105 0 0 0
1105 1105 0 0 0
1105 1106 530 0 0
1106 1106 530 0 0
1104 1106 530 0 0
1106 1107 0 0 0
1107 1107 0 0 0
1107 1108 506 0 0
1108 1108 506 0 0
1106 1108 506 0 0
1108 1109 0 0 0
1109 1109 0 0 0
1109 1110 460 0 0
1110 1110 460 0 0
1108 1110 460 0 0
1110 1111 0 0 0
1111 1111 0 0 0
1111 1112 19 0 0
1112 1112 19 0 0
1110 1112 19 0 0
1112 1113 0 0 0
1113 1113 0 0 0
1113 1114 512 0 0
1114 1114 512 0 0
1112 1114 512 0 0
1114 1115 0 0 0
1115 1115 0 0 0
1115 1116 141 0 0
1116 1116 141 0 0
1114 1116 141 0 0
1116 1117 0 0 0
1117 1117 0 0 0
1117 1118 132 0 0
1118 1118 132 0 0
1116 1118 132 0 0
1118 1 0 0 0
0 1119 1001 10625 0
1119 1119 1001 0 0
1119 1120 0 0 0
1120 1120 0 0 0
1120 1121 460 0 0
1121 1121 460 0 0
1119 1121 460 0 0
1121 1122 0 0 0
1122 1122 0 0 0
1122 1123 530 0 0
1123 1123 530 0 0
1121 1123 530 0 0
1123 1124 0 0 0
1124 1124 0 0 0
1124 1125 506 0 0
1125 1125 506 0 0
1123 1125 506 0 0
1125 1126 0 0 0
1126 1126 0 0 0
1126 1127 460 0 0
1127 1127 460 0 0
1125 1127 460 0 0
1127 1128 0 0 0
1128 1128 0 0 0
1128 1129 19 0 0
1129 1129 19 0 0
1127 1129 19 0 0
1129 1130 0 0 0
1130 1130 0 0 0
1130 1131 512 0 0
1131 1131 512 0 0
1129 1131 512 0 0
1131 1132 0 0 0
1132 1132 0 0 0
1132 1133 152 0 0
1133 1133 152 0 0
1131 1133 152 0 0
1133 1 0 0 0
0 1134 1001 10625 0
1134 1134 1001 0 0
1134 1135 0 0 0
1135 1135 0 0 0
1135 1136 460 0 0
1136 1136 460 0 0
1134 1136 460 0 0
1136 1137 0 0 0
1137 1137 0 0 0
1137 1138 530 0 0
1138 1138 530 0 0
1136 1138 530 0 0
1138 1139 0 0 0
1139 1139 0 0 0
1139 1140 506 0 0
1140 1140 506 0 0
1138 1140 506 0 0
1140 1141 0 0 0
1141 1141 0 0 0
1141 1142 460 0 0
1142 1142 460 0 0
1140 1142 460 0 0
1142 1143 0 0 0
1143 1143 0 0 0
1143 1144 19 0 0
1144 1144 19 0 0
1142 1144 19 0 0
1144 1145 0 0 0
1145 1145 0 0 0
1145 1146 513 0 0
1146 1146 513 0 0
1144 1146 513 0 0
1146 1147 0 0 0
1147 1147 0 0 0
1147 1148 132 0 0
1148 1148 132 0 0
1146 1148 132 0 0
1148 1 0 0 0
0 1149 1001 10625 0
1149 1149 1001 0 0
1149 1150 0 0 0
1150 1150 0 0 0
1150 1151 460 0 0
1151 1151 460 0 0
1149 1151 460 0 0
1151 1152 0 0 0
1152 1152 0 0 0
1152 1153 530 0 0
1153 1153 530 0 0
1151 1153 530 0 0
1153 1154 0 0 0
1154 1154 0 0 0
1154 1155 506 0 0
1155 1155 506 0 0
1153 1155 506 0 0
1155 1156 0 0 0
1156 1156 0 0 0
1156 1157 460 0 0
1157 1157 460 0 0
1155 1157 460 0 0
1157 1158 0 0 0
1158 1158 0 0 0
1158 1159 75 0 0
1159 1159 75 0 0
1157 1159 75 0 0
1159 1160 0 0 0
1160 1160 0 0 0
1160 1161 141 0 0
1161 1161 141 0 0
1159 1161 141 0 0
1161 1162 0 0 0
1162 1162 0 0 0
1162 1163 132 0 0
1163 1163 132 0 0
1161 1163 132 0 0
1163 1 0 0 0
0 1164 1001 10625 0
1164 1164 1001 0 0
1164 1165 0 0 0
1165 1165 0 0 0
1165 1166 460 0 0
1166 1166 460 0 0
1164 1166 460 0 0
1166 1167 0 0 0
1167 1167 0 0 0
1167 1168 530 0 0
1168 1168 530 0 0
1166 1168 530 0 0
1168 1169 0 0 0
1169 1169 0 0 0
1169 1170 506 0 0
1170 1170 506 0 0
1168 1170 506 0 0
1170 1171 0 0 0
1171 1171 0 0 0
1171 1172 460 0 0
1172 1172 460 0 0
1170 1172 460 0 0
1172 1173 0 0 0
1173 1173 0 0 0
1173 1174 75 0 0
1174 1174 75 0 0
1172 1174 75 0 0
1174 1175 0 0 0
1175 1175 0 0 0
1175 1176 152 0 0
1176 1176 152 0 0
1174 1176 152 0 0
1176 1 0 0 0
0 1177 1001 10625 0
1177 1177 1001 0 0
1177 1178 0 0 0
1178 1178 0 0 0
1178 1179 460 0 0
1179 1179 460 0 0
1177 1179 460 0 0
1179 1180 0 0 0
1180 1180 0 0 0
1180 1181 530 0 0
1181 1181 530 0 0
1179 1181 530 0 0
1181 1182 0 0 0
1182 1182 0 0 0
1182 1183 506 0 0
1183 1183 506 0 0
1181 1183 506 0 0
1183 1184 0 0 0
1184 1184 0 0 0
1184 1185 460 0 0
1185 1185 460 0 0
1183 1185 460 0 0
1185 1186 0 0 0
1186 1186 0 0 0
1186 1187 76 0 0
1187 1187 76 0 0
1185 1187 76 0 0
1187 1188 0 0 0
1188 1188 0 0 0
1188 1189 132 0 0
1189 1189 132 0 0
1187 1189 132 0 0
1189 1 0 0 0
0 1190 1001 10625 0
1190 1190 1001 0 0
1190 1191 0 0 0
1191 1191 0 0 0
1191 1192 460 0 0
1192 1192 460 0 0
1190 1192 460 0 0
1192 1193 0 0 0
1193 1193 0 0 0
1193 1194 530 0 0
1194 1194 530 0 0
1192 1194 530 0 0
1194 1195 0 0 0
1195 1195 0 0 0
1195 1196 506 0 0
1196 1196 506 0 0
1194 1196 506 0 0
1196 1197 0 0 0
1197 1197 0 0 0
1197 1198 460 0 0
1198 1198 460 0 0
1196 1198 460 0 0
1198 1199 0 0 0
1199 1199 0 0 0
1199 1200 77 0 0
1200 1200 77 0 0
1198 1200 77 0 0
1200 1 0 0 0
0 1201 1001 10625 0
1201 1201 1001 0 0
1201 1202 0 0 0
1202 1202 0 0 0
1202 1203 460 0 0
1203 1203 460 0 0
1201 1203 460 0 0
1203 1204 0 0 0
1204 1204 0 0 0
1204 1205 530 0 0
1205 1205 530 0 0
1203 1205 530 0 0
1205 1206 0 0 0
1206 1206 0 0 0
1206 1207 506 0 0
1207 1207 506 0 0
1205 1207 506 0 0
1207 1208 0 0 0
1208 1208 0 0 0
1208 1209 461 0 0
1209 1209 461 0 0
1207 1209 461 0 0
1209 1210 0 0 0
1210 1210 0 0 0
1210 1211 512 0 0
1211 1211 512 0 0
1209 1211 512 0 0
1211 1212 0 0 0
1212 1212 0 0 0
1212 1213 141 0 0
1213 1213 141 0 0
1211 1213 141 0 0
1213 1214 0 0 0
1214 1214 0 0 0
1214 1215 132 0 0
1215 1215 132 0 0
1213 1215 132 0 0
1215 1 0 0 0
0 1216 1001 10625 0
1216 1216 1001 0 0
1216 1217 0 0 0
1217 1217 0 0 0
1217 1218 460 0 0
1218 1218 460 0 0
1216 1218 460 0 0
1218 1219 0 0 0
1219 1219 0 0 0
1219 1220 530 0 0
1220 1220 530 0 0
1218 1220 530 0 0
1220 1221 0 0 0
1221 1221 0 0 0
1221 1222 506 0 0
1222 1222 506 0 0
1220 1222 506 0 0
1222 1223 0 0 0
1223 1223 0 0 0
1223 1224 461 0 0
1224 1224 461 0 0
1222 1224 461 0 0
1224 1225 0 0 0
1225 1225 0 0 0
1225 1226 512 0 0
1226 1226 512 0 0
1224 1226 512 0 0
1226 1227 0 0 0
1227 1227 0 0 0
1227 1228 152 0 0
1228 1228 152 0 0
1226 1228 152 0 0
1228 1 0 0 0
0 1229 1001 10625 0
1229 1229 1001 0 0
1229 1230 0 0 0
1230 1230 0 0 0
1230 1231 460 0 0
1231 1231 460 0 0
1229 1231 460 0 0
1231 1232 0 0 0
1232 1232 0 0 0
1232 1233 530 0 0
1233 1233 530 0 0
1231 1233 530 0 0
1233 1234 0 0 0
1234 1234 0 0 0
1234 1235 506 0 0
1235 1235 506 0 0
1233 1235 506 0 0
1235 1236 0 0 0
1236 1236 0 0 0
1236 1237 461 0 0
1237 1237 461 0 0
1235 1237 461 0 0
1237 1238 0 0 0
1238 1238 0 0 0
1238 1239 513 0 0
1239 1239 513 0 0
1237 1239 513 0 0
1239 1240 0 0 0
1240 1240 0 0 0
1240 1241 132 0 0
1241 1241 132 0 0
1239 1241 132 0 0
1241 1 0 0 0
0 1242 1001 10625 0
1242 1242 1001 0 0
1242 1243 0 0 0
1243 1243 0 0 0
1243 1244 460 0 0
1244 1244 460 0 0
1242 1244 460 0 0
1244 1245 0 0 0
1245 1245 0 0 0
1245 1246 557 0 0
1246 1246 557 0 0
1244 1246 557 0 0
1246 1247 0 0 0
1247 1247 0 0 0
1247 1248 512 0 0
1248 1248 512 0 0
1246 1248 512 0 0
1248 1249 0 0 0
1249 1249 0 0 0
1249 1250 460 0 0
1250 1250 460 0 0
1248 1250 460 0 0
1250 1251 0 0 0
1251 1251 0 0 0
1251 1252 19 0 0
1252 1252 19 0 0
1250 1252 19 0 0
1252 1253 0 0 0
1253 1253 0 0 0
1253 1254 512 0 0
1254 1254 512 0 0
1252 1254 512 0 0
1254 1255 0 0 0
1255 1255 0 0 0
1255 1256 141 0 0
1256 1256 141 0 0
1254 1256 141 0 0
1256 1257 0 0 0
1257 1257 0 0 0
1257 1258 132 0 0
1258 1258 132 0 0
1256 1258 132 0 0
1258 1 0 0 0
0 1259 1001 10625 0
1259 1259 1001 0 0
1259 1260 0 0 0
1260 1260 0 0 0
1260 1261 460 0 0
1261 1261 460 0 0
1259 1261 460 0 0
1261 1262 0 0 0
1262 1262 0 0 0
1262 1263 557 0 0
1263 1263 557 0 0
1261 1263 557 0 0
1263 1264 0 0 0
1264 1264 0 0 0
1264 1265 512 0 0
1265 1265 512 0 0
1263 1265 512 0 0
1265 1266 0 0 0
1266 1266 0 0 0
1266 1267 460 0 0
1267 1267 460 0 0
1265 1267 460 0 0
1267 1268 0 0 0
1268 1268 0 0 0
1268 1269 19 0 0
1269 1269 19 0 0
1267 1269 19 0 0
1269 1270 0 0 0
1270 1270 0 0 0
1270 1271 512 0 0
1271 1271 512 0 0
1269 1271 512 0 0
1271 1272 0 0 0
1272 1272 0 0 0
1272 1273 152 0 0
1273 1273 152 0 0
1271 1273 152 0 0
1273 1 0 0 0
0 1274 1001 10625 0
1274 1274 1001 0 0
1274 1275 0 0 0
1275 1275 0 0 0
1275 1276 460 0 0
1276 1276 460 0 0
1274 1276 460 0 0
1276 1277 0 0 0
1277 1277 0 0 0
1277 1278 557 0 0
1278 1278 557 0 0
1276 1278 557 0 0
1278 1279 0 0 0
1279 1279 0 0 0
1279 1280 512 0 0
1280 1280 512 0 0
1278 1280 512 0 0
1280 1281 0 0 0
1281 1281 0 0 0
1281 1282 460 0 0
1282 1282 460 0 0
1280 1282 460 0 0
1282 1283 0 0 0
1283 1283 0 0 0
1283 1284 19 0 0
1284 1284 19 0 0
1282 1284 19 0 0
1284 1285 0 0 0
1285 1285 0 0 0
1285 1286 513 0 0
1286 1286 513 0 0
1284 1286 513 0 0
1286 1287 0 0 0
1287 1287 0 0 0
1287 1288 132 0 0
1288 1288 132 0 0
1286 1288 132 0 0
1288 1 0 0 0
0 1289 1001 10625 0
1289 1289 1001 0 0
1289 1290 0 0 0
1290 1290 0 0 0
1290 1291 460 0 0
1291 1291 460 0 0
1289 1291 460 0 0
1291 1292 0 0 0
1292 1292 0 0 0
1292 1293 557 0 0
1293 1293 557 0 0
1291 1293 557 0 0
1293 1294 0 0 0
1294 1294 0 0 0
1294 1295 512 0 0
1295 1295 512 0 0
1293 1295 512 0 0
1295 1296 0 0 0
1296 1296 0 0 0
1296 1297 460 0 0
1297 1297 460 0 0
1295 1297 460 0 0
1297 1298 0 0 0
1298 1298 0 0 0
1298 1299 75 0 0
1299 1299 75 0 0
1297 1299 75 0 0
1299 1300 0 0 0
1300 1300 0 0 0
1300 1301 141 0 0
1301 1301 141 0 0
1299 1301 141 0 0
1301 1302 0 0 0
1302 1302 0 0 0
1302 1303 132 0 0
1303 1303 132 0 0
1301 1303 132 0 0
1303 1 0 0 0
0 1304 1001 10625 0
1304 1304 1001 0 0
1304 1305 0 0 0
1305 1305 0 0 0
1305 1306 460 0 0
1306 1306 460 0 0
1304 1306 460 0 0
1306 1307 0 0 0
1307 1307 0 0 0
1307 1308 557 0 0
1308 1308 557 0 0
1306 1308 557 0 0
1308 1309 0 0 0
1309 1309 0 0 0
1309 1310 512 0 0
1310 1310 512 0 0
1308 1310 512 0 0
1310 1311 0 0 0
1311 1311 0 0 0
1311 1312 460 0 0
1312 1312 460 0 0
1310 1312 460 0 0
1312 1313 0 0 0
1313 1313 0 0 0
1313 1314 75 0 0
1314 1314 75 0 0
1312 1314 75 0 0
1314 1315 0 0 0
1315 1315 0 0 0
1315 1316 152 0 0
1316 1316 152 0 0
1314 1316 152 0 0
1316 1 0 0 0
0 1317 1001 10625 0
1317 1317 1001 0 0
1317 1318 0 0 0
1318 1318 0 0 0
1318 1319 460 0 0
1319 1319 460 0 0
1317 1319 460 0 0
1319 1320 0 0 0
1320 1320 0 0 0
1320 1321 557 0 0
1321 1321 557 0 0
1319 1321 557 0 0
1321 1322 0 0 0
1322 1322 0 0 0
1322 1323 512 0 0
1323 1323 512 0 0
1321 1323 512 0 0
1323 1324 0 0 0
1324 1324 0 0 0
1324 1325 460 0 0
1325 1325 460 0 0
1323 1325 460 0 0
1325 1326 0 0 0
1326 1326 0 0 0
1326 1327 76 0 0
1327 1327 76 0 0
1325 1327 76 0 0
1327 1328 0 0 0
1328 1328 0 0 0
1328 1329 132 0 0
1329 1329 132 0 0
1327 1329 132 0 0
1329 1 0 0 0
0 1330 1001 10625 0
1330 1330 1001 0 0
1330 1331 0 0 0
1331 1331 0 0 0
1331 1332 460 0 0
1332 1332 460 0 0
1330 1332 460 0 0
1332 1333 0 0 0
1333 1333 0 0 0
1333 1334 557 0 0
1334 1334 557 0 0
1332 1334 557 0 0
1334 1335 0 0 0
1335 1335 0 0 0
1335 1336 512 0 0
1336 1336 512 0 0
1334 1336 512 0 0
1336 1337 0 0 0
1337 1337 0 0 0
1337 1338 460 0 0
1338 1338 460 0 0
1336 1338 460 0 0
1338 1339 0 0 0
1339 1339 0 0 0
1339 1340 77 0 0
1340 1340 77 0 0
1338 1340 77 0 0
1340 1 0 0 0
0 1341 1001 10625 0
1341 1341 1001 0 0
1341 1342 0 0 0
1342 1342 0 0 0
1342 1343 460 0 0
1343 1343 460 0 0
1341 1343 460 0 0
1343 1344 0 0 0
1344 1344 0 0 0
1344 1345 557 0 0
1345 1345 557 0 0
1343 1345 557 0 0
1345 1346 0 0 0
1346 1346 0 0 0
1346 1347 512 0 0
1347 1347 512 0 0
1345 1347 512 0 0
1347 1348 0 0 0
1348 1348 0 0 0
1348 1349 461 0 0
1349 1349 461 0 0
1347 1349 461 0 0
1349 1350 0 0 0
1350 1350 0 0 0
1350 1351 512 0 0
1351 1351 512 0 0
1349 1351 512 0 0
1351 1352 0 0 0
1352 1352 0 0 0
1352 1353 141 0 0
1353 1353 141 0 0
1351 1353 141 0 0
1353 1354 0 0 0
1354 1354 0 0 0
1354 1355 132 0 0
1355 1355 132 0 0
1353 1355 132 0 0
1355 1 0 0 0
0 1356 1001 10625 0
1356 1356 1001 0 0
1356 1357 0 0 0
1357 1357 0 0 0
1357 1358 460 0 0
1358 1358 460 0 0
1356 1358 460 0 0
1358 1359 0 0 0
1359 1359 0 0 0
1359 1360 557 0 0
1360 1360 557 0 0
1358 1360 557 0 0
1360 1361 0 0 0
1361 1361 0 0 0
1361 1362 512 0 0
1362 1362 512 0 0
1360 1362 512 0 0
1362 1363 0 0 0
1363 1363 0 0 0
1363 1364 461 0 0
1364 1364 461 0 0
1362 1364 461 0 0
1364 1365 0 0 0
1365 1365 0 0 0
1365 1366 512 0 0
1366 1366 512 0 0
1364 1366 512 0 0
1366 1367 0 0 0
1367 1367 0 0 0
1367 1368 152 0 0
1368 1368 152 0 0
1366 1368 152 0 0
1368 1 0 0 0
0 1369 1001 10625 0
1369 1369 1001 0 0
1369 1370 0 0 0
1370 1370 0 0 0
1370 1371 460 0 0
1371 1371 460 0 0
1369 1371 460 0 0
1371 1372 0 0 0
1372 1372 0 0 0
1372 1373 557 0 0
1373 1373 557 0 0
1371 1373 557 0 0
1373 1374 0 0 0
1374 1374 0 0 0
1374 1375 512 0 0
1375 1375 512 0 0
1373 1375 512 0 0
1375 1376 0 0 0
1376 1376 0 0 0
1376 1377 461 0 0
1377 1377 461 0 0
1375 1377 461 0 0
1377 1378 0 0 0
1378 1378 0 0 0
1378 1379 513 0 0
1379 1379 513 0 0
1377 1379 513 0 0
1379 1380 0 0 0
1380 1380 0 0 0
1380 1381 132 0 0
1381 1381 132 0 0
1379 1381 132 0 0
1381 1 0 0 0
0 1382 1001 10625 0
1382 1382 1001 0 0
1382 1383 0 0 0
1383 1383 0 0 0
1383 1384 460 0 0
1384 1384 460 0 0
1382 1384 460 0 0
1384 1385 0 0 0
1385 1385 0 0 0
1385 1386 558 0 0
1386 1386 558 0 0
1384 1386 558 0 0
1386 1387 0 0 0
1387 1387 0 0 0
1387 1388 460 0 0
1388 1388 460 0 0
1386 1388 460 0 0
1388 1389 0 0 0
1389 1389 0 0 0
1389 1390 19 0 0
1390 1390 19 0 0
1388 1390 19 0 0
1390 1391 0 0 0
1391 1391 0 0 0
1391 1392 512 0 0
1392 1392 512 0 0
1390 1392 512 0 0
1392 1393 0 0 0
1393 1393 0 0 0
1393 1394 141 0 0
1394 1394 141 0 0
1392 1394 141 0 0
1394 1395 0 0 0
1395 1395 0 0 0
1395 1396 132 0 0
1396 1396 132 0 0
1394 1396 132 0 0
1396 1 0 0 0
0 1397 1001 10625 0
1397 1397 1001 0 0
1397 1398 0 0 0
1398 1398 0 0 0
1398 1399 460 0 0
1399 1399 460 0 0
1397 1399 460 0 0
1399 1400 0 0 0
1400 1400 0 0 0
1400 1401 558 0 0
1401 1401 558 0 0
1399 1401 558 0 0
1401 1402 0 0 0
1402 1402 0 0 0
1402 1403 460 0 0
1403 1403 460 0 0
1401 1403 460 0 0
1403 1404 0 0 0
1404 1404 0 0 0
1404 1405 19 0 0
1405 1405 19 0 0
1403 1405 19 0 0
1405 1406 0 0 0
1406 1406 0 0 0
1406 1407 512 0 0
1407 1407 512 0 0
1405 1407 512 0 0
1407 1408 0 0 0
1408 1408 0 0 0
1408 1409 152 0 0
1409 1409 152 0 0
1407 1409 152 0 0
1409 1 0 0 0
0 1410 1001 10625 0
1410 1410 1001 0 0
1410 1411 0 0 0
1411 1411 0 0 0
1411 1412 460 0 0
1412 1412 460 0 0
1410 1412 460 0 0
1412 1413 0 0 0
1413 1413 0 0 0
1413 1414 558 0 0
1414 1414 558 0 0
1412 1414 558 0 0
1414 1415 0 0 0
1415 1415 0 0 0
1415 1416 460 0 0
1416 1416 460 0 0
1414 1416 460 0 0
1416 1417 0 0 0
1417 1417 0 0 0
1417 1418 19 0 0
1418 1418 19 0 0
1416 1418 19 0 0
1418 1419 0 0 0
1419 1419 0 0 0
1419 1420 513 0 0
1420 1420 513 0 0
1418 1420 513 0 0
1420 1421 0 0 0
1421 1421 0 0 0
1421 1422 132 0 0
1422 1422 132 0 0
1420 1422 132 0 0
1422 1 0 0 0
0 1423 1001 10625 0
1423 1423 1001 0 0
1423 1424 0 0 0
1424 1424 0 0 0
1424 1425 460 0 0
1425 1425 460 0 0
1423 1425 460 0 0
1425 1426 0 0 0
1426 1426 0 0 0
1426 1427 558 0 0
1427 1427 558 0 0
1425 1427 558 0 0
1427 1428 0 0 0
1428 1428 0 0 0
1428 1429 460 0 0
1429 1429 460 0 0
1427 1429 460 0 0
1429 1430 0 0 0
1430 1430 0 0 0
1430 1431 75 0 0
1431 1431 75 0 0
1429 1431 75 0 0
1431 1432 0 0 0
1432 1432 0 0 0
1432 1433 141 0 0
1433 1433 141 0 0
1431 1433 141 0 0
1433 1434 0 0 0
1434 1434 0 0 0
1434 1435 132 0 0
1435 1435 132 0 0
1433 1435 132 0 0
1435 1 0 0 0
0 1436 1001 10625 0
1436 1436 1001 0 0
1436 1437 0 0 0
1437 1437 0 0 0
1437 1438 460 0 0
1438 1438 460 0 0
1436 1438 460 0 0
1438 1439 0 0 0
1439 1439 0 0 0
1439 1440 558 0 0
1440 1440 558 0 0
1438 1440 558 0 0
1440 1441 0 0 0
1441 1441 0 0 0
1441 1442 460 0 0
1442 1442 460 0 0
1440 1442 460 0 0
1442 1443 0 0 0
1443 1443 0 0 0
1443 1444 75 0 0
1444 1444 75 0 0
1442 1444 75 0 0
1444 1445 0 0 0
1445 1445 0 0 0
1445 1446 152 0 0
1446 1446 152 0 0
1444 1446 152 0 0
1446 1 0 0 0
0 1447 1001 10625 0
1447 1447 1001 0 0
1447 1448 0 0 0
1448 1448 0 0 0
1448 1449 460 0 0
1449 1449 460 0 0
1447 1449 460 0 0
1449 1450 0 0 0
1450 1450 0 0 0
1450 1451 558 0 0
1451 1451 558 0 0
1449 1451 558 0 0
1451 1452 0 0 0
1452 1452 0 0 0
1452 1453 460 0 0
1453 1453 460 0 0
1451 1453 460 0 0
1453 1454 0 0 0
1454 1454 0 0 0
1454 1455 76 0 0
1455 1455 76 0 0
1453 1455 76 0 0
1455 1456 0 0 0
1456 1456 0 0 0
1456 1457 132 0 0
1457 1457 132 0 0
1455 1457 132 0 0
1457 1 0 0 0
0 1458 1001 10625 0
1458 1458 1001 0 0
1458 1459 0 0 0
1459 1459 0 0 0
1459 1460 460 0 0
1460 1460 460 0 0
1458 1460 460 0 0
1460 1461 0 0 0
1461 1461 0 0 0
1461 1462 558 0 0
1462 1462 558 0 0
1460 1462 558 0 0
1462 1463 0 0 0
1463 1463 0 0 0
1463 1464 460 0 0
1464 1464 460 0 0
1462 1464 460 0 0
1464 1465 0 0 0
1465 1465 0 0 0
1465 1466 77 0 0
1466 1466 77 0 0
1464 1466 77 0 0
1466 1 0 0 0
0 1467 1001 10625 0
1467 1467 1001 0 0
1467 1468 0 0 0
1468 1468 0 0 0
1468 1469 460 0 0
1469 1469 460 0 0
1467 1469 460 0 0
1469 1470 0 0 0
1470 1470 0 0 0
1470 1471 558 0 0
1471 1471 558 0 0
1469 1471 558 0 0
1471 1472 0 0 0
1472 1472 0 0 0
1472 1473 461 0 0
1473 1473 461 0 0
1471 1473 461 0 0
1473 1474 0 0 0
1474 1474 0 0 0
1474 1475 512 0 0
1475 1475 512 0 0
1473 1475 512 0 0
1475 1476 0 0 0
1476 1476 0 0 0
1476 1477 141 0 0
1477 1477 141 0 0
1475 1477 141 0 0
1477 1478 0 0 0
1478 1478 0 0 0
1478 1479 132 0 0
1479 1479 132 0 0
1477 1479 132 0 0
1479 1 0 0 0
0 1480 1001 10625 0
1480 1480 1001 0 0
1480 1481 0 0 0
1481 1481 0 0 0
1481 1482 460 0 0
1482 1482 460 0 0
1480 1482 460 0 0
1482 1483 0 0 0
1483 1483 0 0 0
1483 1484 558 0 0
1484 1484 558 0 0
1482 1484 558 0 0
1484 1485 0 0 0
1485 1485 0 0 0
1485 1486 461 0 0
1486 1486 461 0 0
1484 1486 461 0 0
1486 1487 0 0 0
1487 1487 0 0 0
1487 1488 512 0 0
1488 1488 512 0 0
1486 1488 512 0 0
1488 1489 0 0 0
1489 1489 0 0 0
1489 1490 152 0 0
1490 1490 152 0 0
1488 1490 152 0 0
1490 1 0 0 0
0 1491 1001 10625 0
1491 1491 1001 0 0
1491 1492 0 0 0
1492 1492 0 0 0
1492 1493 460 0 0
1493 1493 460 0 0
1491 1493 460 0 0
1493 1494 0 0 0
1494 1494 0 0 0
1494 1495 558 0 0
1495 1495 558 0 0
1493 1495 558 0 0
1495 1496 0 0 0
1496 1496 0 0 0
1496 1497 461 0 0
1497 1497 461 0 0
1495 1497 461 0 0
1497 1498 0 0 0
1498 1498 0 0 0
1498 1499 513 0 0
1499 1499 513 0 0
1497 1499 513 0 0
1499 1500 0 0 0
1500 1500 0 0 0
1500 1501 132 0 0
1501 1501 132 0 0
1499 1501 132 0 0
1501 1 0 0 0
0 1502 1001 10625 0
1502 1502 1001 0 0
1502 1503 0 0 0
1503 1503 0 0 0
1503 1504 487 0 0
1504 1504 487 0 0
1502 1504 487 0 0
1504 1505 0 0 0
1505 1505 0 0 0
1505 1506 490 0 0
1506 1506 490 0 0
1504 1506 490 0 0
1506 1507 0 0 0
1507 1507 0 0 0
1507 1508 512 0 0
1508 1508 512 0 0
1506 1508 512 0 0
1508 1509 0 0 0
1509 1509 0 0 0
1509 1510 460 0 0
1510 1510 460 0 0
1508 1510 460 0 0
1510 1511 0 0 0
1511 1511 0 0 0
1511 1512 19 0 0
1512 1512 19 0 0
1510 1512 19 0 0
1512 1513 0 0 0
1513 1513 0 0 0
1513 1514 512 0 0
1514 1514 512 0 0
1512 1514 512 0 0
1514 1515 0 0 0
1515 1515 0 0 0
1515 1516 141 0 0
1516 1516 141 0 0
1514 1516 141 0 0
1516 1517 0 0 0
1517 1517 0 0 0
1517 1518 132 0 0
1518 1518 132 0 0
1516 1518 132 0 0
1518 1 0 0 0
0 1519 1001 10625 0
1519 1519 1001 0 0
1519 1520 0 0 0
1520 1520 0 0 0
1520 1521 487 0 0
1521 1521 487 0 0
1519 1521 487 0 0
1521 1522 0 0 0
1522 1522 0 0 0
1522 1523 490 0 0
1523 1523 490 0 0
1521 1523 490 0 0
1523 1524 0 0 0
1524 1524 0 0 0
1524 1525 512 0 0
1525 1525 512 0 0
1523 1525 512 0 0
1525 1526 0 0 0
1526 1526 0 0 0
1526 1527 460 0 0
1527 1527 460 0 0
1525 1527 460 0 0
1527 1528 0 0 0
1528 1528 0 0 0
1528 1529 19 0 0
1529 1529 19 0 0
1527 1529 19 0 0
1529 1530 0 0 0
1530 1530 0 0 0
1530 1531 512 0 0
1531 1531 512 0 0
1529 1531 512 0 0
1531 1532 0 0 0
1532 1532 0 0 0
1532 1533 152 0 0
1533 1533 152 0 0
1531 1533 152 0 0
1533 1 0 0 0
0 1534 1001 10625 0
1534 1534 1001 0 0
1534 1535 0 0 0
1535 1535 0 0 0
1535 1536 487 0 0
1536 1536 487 0 0
1534 1536 487 0 0
1536 1537 0 0 0
1537 1537 0 0 0
1537 1538 490 0 0
1538 1538 490 0 0
1536 1538 490 0 0
1538 1539 0 0 0
1539 1539 0 0 0
1539 1540 512 0 0
1540 1540 512 0 0
1538 1540 512 0 0
1540 1541 0 0 0
1541 1541 0 0 0
1541 1542 460 0 0
1542 1542 460 0 0
1540 1542 460 0 0
1542 1543 0 0 0
1543 1543 0 0 0
1543 1544 19 0 0
1544 1544 19 0 0
1542 1544 19 0 0
1544 1545 0 0 0
1545 1545 0 0 0
1545 1546 513 0 0
1546 1546 513 0 0
1544 1546 513 0 0
1546 1547 0 0 0
1547 1547 0 0 0
1547 1548 132 0 0
1548 1548 132 0 0
1546 1548 132 0 0
1548 1 0 0 0
0 1549 1001 10625 0
1549 1549 1001 0 0
1549 1550 0 0 0
1550 1550 0 0 0
1550 1551 487 0 0
1551 1551 487 0 0
1549 1551 487 0 0
1551 1552 0 0 0
1552 1552 0 0 0
1552 1553 490 0 0
1553 1553 490 0 0
1551 1553 490 0 0
1553 1554 0 0 0
1554 1554 0 0 0
1554 1555 512 0 0
1555 1555 512 0 0
1553 1555 512 0 0
1555 1556 0 0 0
1556 1556 0 0 0
1556 1557 460 0 0
1557 1557 460 0 0
1555 1557 460 0 0
1557 1558 0 0 0
1558 1558 0 0 0
1558 1559 75 0 0
1559 1559 75 0 0
1557 1559 75 0 0
1559 1560 0 0 0
1560 1560 0 0 0
1560 1561 141 0 0
1561 1561 141 0 0
1559 1561 141 0 0
1561 1562 0 0 0
1562 1562 0 0 0
1562 1563 132 0 0
1563 1563 132 0 0
1561 1563 132 0 0
1563 1 0 0 0
0 1564 1001 10625 0
1564 1564 1001 0 0
1564 1565 0 0 0
1565 1565 0 0 0
1565 1566 487 0 0
1566 1566 487 0 0
1564 1566 487 0 0
1566 1567 0 0 0
1567 1567 0 0 0
1567 1568 490 0 0
1568 1568 490 0 0
1566 1568 490 0 0
1568 1569 0 0 0
1569 1569 0 0 0
1569 1570 512 0 0
1570 1570 512 0 0
1568 1570 512 0 0
1570 1571 0 0 0
1571 1571 0 0 0
1571 1572 460 0 0
1572 1572 460 0 0
1570 1572 460 0 0
1572 1573 0 0 0
1573 1573 0 0 0
1573 1574 75 0 0
1574 1574 75 0 0
1572 1574 75 0 0
1574 1575 0 0 0
1575 1575 0 0 0
1575 1576 152 0 0
1576 1576 152 0 0
1574 1576 152 0 0
1576 1 0 0 0
0 1577 1001 10625 0
1577 1577 1001 0 0
1577 1578 0 0 0
1578 1578 0 0 0
1578 1579 487 0 0
1579 1579 487 0 0
1577 1579 487 0 0
1579 1580 0 0 0
1580 1580 0 0 0
1580 1581 490 0 0
1581 1581 490 0 0
1579 1581 490 0 0
1581 1582 0 0 0
1582 1582 0 0 0
1582 1583 512 0 0
1583 1583 512 0 0
1581 1583 512 0 0
1583 1584 0 0 0
1584 1584 0 0 0
1584 1585 460 0 0
1585 1585 460 0 0
1583 1585 460 0 0
1585 1586 0 0 0
1586 1586 0 0 0
1586 1587 76 0 0
1587 1587 76 0 0
1585 1587 76 0 0
1587 1588 0 0 0
1588 1588 0 0 0
1588 1589 132 0 0
1589 1589 132 0 0
1587 1589 132 0 0
1589 1 0 0 0
0 1590 1001 10625 0
1590 1590 1001 0 0
1590 1591 0 0 0
1591 1591 0 0 0
1591 1592 487 0 0
1592 1592 487 0 0
1590 1592 487 0 0
1592 1593 0 0 0
1593 1593 0 0 0
1593 1594 490 0 0
1594 1594 490 0 0
1592 1594 490 0 0
1594 1595 0 0 0
1595 1595 0 0 0
1595 1596 512 0 0
1596 1596 512 0 0
1594 1596 512 0 0
1596 1597 0 0 0
1597 1597 0 0 0
1597 1598 460 0 0
1598 1598 460 0 0
1596 1598 460 0 0
1598 1599 0 0 0
1599 1599 0 0 0
1599 1600 77 0 0
1600 1600 77 0 0
1598 1600 77 0 0
1600 1 0 0 0
0 1601 1001 10625 0
1601 1601 1001 0 0
1601 1602 0 0 0
1602 1602 0 0 0
1602 1603 487 0 0
1603 1603 487 0 0
1601 1603 487 0 0
1603 1604 0 0 0
1604 1604 0 0 0
1604 1605 490 0 0
1605 1605 490 0 0
1603 1605 490 0 0
1605 1606 0 0 0
1606 1606 0 0 0
1606 1607 512 0 0
1607 1607 512 0 0
1605 1607 512 0 0
1607 1608 0 0 0
1608 1608 0 0 0
1608 1609 461 0 0
1609 1609 461 0 0
1607 1609 461 0 0
1609 1610 0 0 0
1610 1610 0 0 0
1610 1611 512 0 0
1611 1611 512 0 0
1609 1611 512 0 0
1611 1612 0 0 0
1612 1612 0 0 0
1612 1613 141 0 0
1613 1613 141 0 0
1611 1613 141 0 0
1613 1614 0 0 0
1614 1614 0 0 0
1614 1615 132 0 0
1615 1615 132 0 0
1613 1615 132 0 0
1615 1 0 0 0
0 1616 1001 10625 0
1616 1616 1001 0 0
1616 1617 0 0 0
1617 1617 0 0 0
1617 1618 487 0 0
1618 1618 487 0 0
1616 1618 487 0 0
1618 1619 0 0 0
1619 1619 0 0 0
1619 1620 490 0 0
1620 1620 490 0 0
1618 1620 490 0 0
1620 1621 0 0 0
1621 1621 0 0 0
1621 1622 512 0 0
1622 1622 512 0 0
1620 1622 512 0 0
1622 1623 0 0 0
1623 1623 0 0 0
1623 1624 461 0 0
1624 1624 461 0 0
1622 1624 461 0 0
1624 1625 0 0 0
1625 1625 0 0 0
1625 1626 512 0 0
1626 1626 512 0 0
1624 1626 512 0 0
1626 1627 0 0 0
1627 1627 0 0 0
1627 1628 152 0 0
1628 1628 152 0 0
1626 1628 152 0 0
1628 1 0 0 0
0 1629 1001 10625 0
1629 1629 1001 0 0
1629 1630 0 0 0
1630 1630 0 0 0
1630 1631 487 0 0
1631 1631 487 0 0
1629 1631 487 0 0
1631 1632 0 0 0
1632 1632 0 0 0
1632 1633 490 0 0
1633 1633 490 0 0
1631 1633 490 0 0
1633 1634 0 0 0
1634 1634 0 0 0
1634 1635 512 0 0
1635 1635 512 0 0
1633 1635 512 0 0
1635 1636 0 0 0
1636 1636 0 0 0
1636 1637 461 0 0
1637 1637 461 0 0
1635 1637 461 0 0
1637 1638 0 0 0
1638 1638 0 0 0
1638 1639 513 0 0
1639 1639 513 0 0
1637 1639 513 0 0
1639 1640 0 0 0
1640 1640 0 0 0
1640 1641 132 0 0
1641 1641 132 0 0
1639 1641 132 0 0
1641 1 0 0 0
0 1642 1001 10625 0
1642 1642 1001 0 0
1642 1643 0 0 0
1643 1643 0 0 0
1643 1644 487 0 0
1644 1644 487 0 0
1642 1644 487 0 0
1644 1645 0 0 0
1645 1645 0 0 0
1645 1646 506 0 0
1646 1646 506 0 0
1644 1646 506 0 0
1646 1647 0 0 0
1647 1647 0 0 0
1647 1648 460 0 0
1648 1648 460 0 0
1646 1648 460 0 0
1648 1649 0 0 0
1649 1649 0 0 0
1649 1650 19 0 0
1650 1650 19 0 0
1648 1650 19 0 0
1650 1651 0 0 0
1651 1651 0 0 0
1651 1652 512 0 0
1652 1652 512 0 0
1650 1652 512 0 0
1652 1653 0 0 0
1653 1653 0 0 0
1653 1654 141 0 0
1654 1654 141 0 0
1652 1654 141 0 0
1654 1655 0 0 0
1655 1655 0 0 0
1655 1656 132 0 0
1656 1656 132 0 0
1654 1656 132 0 0
1656 1 0 0 0
0 1657 1001 10625 0
1657 1657 1001 0 0
1657 1658 0 0 0
1658 1658 0 0 0
1658 1659 487 0 0
1659 1659 487 0 0
1657 1659 487 0 0
1659 1660 0 0 0
1660 1660 0 0 0
1660 1661 506 0 0
1661 1661 506 0 0
1659 1661 506 0 0
1661 1662 0 0 0
1662 1662 0 0 0
1662 1663 460 0 0
1663 1663 460 0 0
1661 1663 460 0 0
1663 1664 0 0 0
1664 1664 0 0 0
1664 1665 19 0 0
1665 1665 19 0 0
1663 1665 19 0 0
1665 1666 0 0 0
1666 1666 0 0 0
1666 1667 512 0 0
1667 1667 512 0 0
1665 1667 512 0 0
1667 1668 0 0 0
1668 1668 0 0 0
1668 1669 152 0 0
1669 1669 152 0 0
1667 1669 152 0 0
1669 1 0 0 0
0 1670 1001 10625 0
1670 1670 1001 0 0
1670 1671 0 0 0
1671 1671 0 0 0
1671 1672 487 0 0
1672 1672 487 0 0
1670 1672 487 0 0
1672 1673 0 0 0
1673 1673 0 0 0
1673 1674 506 0 0
1674 1674 506 0 0
1672 1674 506 0 0
1674 1675 0 0 0
1675 1675 0 0 0
1675 1676 460 0 0
1676 1676 460 0 0
1674 1676 460 0 0
1676 1677 0 0 0
1677 1677 0 0 0
1677 1678 19 0 0
1678 1678 19 0 0
1676 1678 19 0 0
1678 1679 0 0 0
1679 1679 0 0 0
1679 1680 513 0 0
1680 1680 513 0 0
1678 1680 513 0 0
1680 1681 0 0 0
1681 1681 0 0 0
1681 1682 132 0 0
1682 1682 132 0 0
1680 1682 132 0 0
1682 1 0 0 0
0 1683 1001 10625 0
1683 1683 1001 0 0
1683 1684 0 0 0
1684 1684 0 0 0
1684 1685 487 0 0
1685 1685 487 0 0
1683 1685 487 0 0
1685 1686 0 0 0
1686 1686 0 0 0
1686 1687 506 0 0
1687 1687 506 0 0
1685 1687 506 0 0
1687 1688 0 0 0
1688 1688 0 0 0
1688 1689 460 0 0
1689 1689 460 0 0
1687 1689 460 0 0
1689 1690 0 0 0
1690 1690 0 0 0
1690 1691 75 0 0
1691 1691 75 0 0
1689 1691 75 0 0
1691 1692 0 0 0
1692 1692 0 0 0
1692 1693 141 0 0
1693 1693 141 0 0
1691 1693 141 0 0
1693 1694 0 0 0
1694 1694 0 0 0
1694 1695 132 0 0
1695 1695 132 0 0
1693 1695 132 0 0
1695 1 0 0 0
0 1696 1001 10625 0
1696 1696 1001 0 0
1696 1697 0 0 0
1697 1697 0 0 0
1697 1698 487 0 0
1698 1698 487 0 0
1696 1698 487 0 0
1698 1699 0 0 0
1699 1699 0 0 0
1699 1700 506 0 0
1700 1700 506 0 0
1698 1700 506 0 0
1700 1701 0 0 0
1701 1701 0 0 0
1701 1702 460 0 0
1702 1702 460 0 0
1700 1702 460 0 0
1702 1703 0 0 0
1703 1703 0 0 0
1703 1704 75 0 0
1704 1704 75 0 0
1702 1704 75 0 0
1704 1705 0 0 0
1705 1705 0 0 0
1705 1706 152 0 0
1706 1706 152 0 0
1704 1706 152 0 0
1706 1 0 0 0
0 1707 1001 10625 0
1707 1707 1001 0 0
1707 1708 0 0 0
1708 1708 0 0 0
1708 1709 487 0 0
1709 1709 487 0 0
1707 1709 487 0 0
1709 1710 0 0 0
1710 1710 0 0 0
1710 1711 506 0 0
1711 1711 506 0 0
1709 1711 506 0 0
1711 1712 0 0 0
1712 1712 0 0 0
1712 1713 460 0 0
1713 1713 460 0 0
1711 1713 460 0 0
1713 1714 0 0 0
1714 1714 0 0 0
1714 1715 76 0 0
1715 1715 76 0 0
1713 1715 76 0 0
1715 1716 0 0 0
1716 1716 0 0 0
1716 1717 132 0 0
1717 1717 132 0 0
1715 1717 132 0 0
1717 1 0 0 0
0 1718 1001 10625 0
1718 1718 1001 0 0
1718 1719 0 0 0
1719 1719 0 0 0
1719 1720 487 0 0
1720 1720 487 0 0
1718 1720 487 0 0
1720 1721 0 0 0
1721 1721 0 0 0
1721 1722 506 0 0
1722 1722 506 0 0
1720 1722 506 0 0
1722 1723 0 0 0
1723 1723 0 0 0
1723 1724 460 0 0
1724 1724 460 0 0
1722 1724 460 0 0
1724 1725 0 0 0
1725 1725 0 0 0
1725 1726 77 0 0
1726 1726 77 0 0
1724 1726 77 0 0
1726 1 0 0 0
0 1727 1001 10625 0
1727 1727 1001 0 0
1727 1728 0 0 0
1728 1728 0 0 0
1728 1729 487 0 0
1729 1729 487 0 0
1727 1729 487 0 0
1729 1730 0 0 0
1730 1730 0 0 0
1730 1731 506 0 0
1731 1731 506 0 0
1729 1731 506 0 0
1731 1732 0 0 0
1732 1732 0 0 0
1732 1733 461 0 0
1733 1733 461 0 0
1731 1733 461 0 0
1733 1734 0 0 0
1734 1734 0 0 0
1734 1735 512 0 0
1735 1735 512 0 0
1733 1735 512 0 0
1735 1736 0 0 0
1736 1736 0 0 0
1736 1737 141 0 0
1737 1737 141 0 0
1735 1737 141 0 0
1737 1738 0 0 0
1738 1738 0 0 0
1738 1739 132 0 0
1739 1739 132 0 0
1737 1739 132 0 0
1739 1 0 0 0
0 1740 1001 10625 0
1740 1740 1001 0 0
1740 1741 0 0 0
1741 1741 0 0 0
1741 1742 487 0 0
1742 1742 487 0 0
1740 1742 487 0 0
1742 1743 0 0 0
1743 1743 0 0 0
1743 1744 506 0 0
1744 1744 506 0 0
1742 1744 506 0 0
1744 1745 0 0 0
1745 1745 0 0 0
1745 1746 461 0 0
1746 1746 461 0 0
1744 1746 461 0 0
1746 1747 0 0 0
1747 1747 0 0 0
1747 1748 512 0 0
1748 1748 512 0 0
1746 1748 512 0 0
1748 1749 0 0 0
1749 1749 0 0 0
1749 1750 152 0 0
1750 1750 152 0 0
1748 1750 152 0 0
1750 1 0 0 0
0 1751 1001 10625 0
1751 1751 1001 0 0
1751 1752 0 0 0
1752 1752 0 0 0
1752 1753 487 0 0
1753 1753 487 0 0
1751 1753 487 0 0
1753 1754 0 0 0
1754 1754 0 0 0
1754 1755 506 0 0
1755 1755 506 0 0
1753 1755 506 0 0
1755 1756 0 0 0
1756 1756 0 0 0
1756 1757 461 0 0
1757 1757 461 0 0
1755 1757 461 0 0
1757 1758 0 0 0
1758 1758 0 0 0
1758 1759 513 0 0
1759 1759 513 0 0
1757 1759 513 0 0
1759 1760 0 0 0
1760 1760 0 0 0
1760 1761 132 0 0
1761 1761 132 0 0
1759 1761 132 0 0
1761 1 0 0 0
0 1762 1058 10625 0
1762 1762 1058 0 0
1762 1763 0 0 0
1763 1763 0 0 0
1763 1764 530 0 0
1764 1764 530 0 0
1762 1764 530 0 0
1764 1765 0 0 0
1765 1765 0 0 0
1765 1766 490 0 0
1766 1766 490 0 0
1764 1766 490 0 0
1766 1767 0 0 0
1767 1767 0 0 0
1767 1768 512 0 0
1768 1768 512 0 0
1766 1768 512 0 0
1768 1769 0 0 0
1769 1769 0 0 0
1769 1770 460 0 0
1770 1770 460 0 0
1768 1770 460 0 0
1770 1771 0 0 0
1771 1771 0 0 0
1771 1772 19 0 0
1772 1772 19 0 0
1770 1772 19 0 0
1772 1773 0 0 0
1773 1773 0 0 0
1773 1774 512 0 0
1774 1774 512 0 0
1772 1774 512 0 0
1774 1775 0 0 0
1775 1775 0 0 0
1775 1776 141 0 0
1776 1776 141 0 0
1774 1776 141 0 0
1776 1777 0 0 0
1777 1777 0 0 0
1777 1778 132 0 0
1778 1778 132 0 0
1776 1778 132 0 0
1778 1 0 0 0
0 1779 1058 10625 0
1779 1779 1058 0 0
1779 1780 0 0 0
1780 1780 0 0 0
1780 1781 530 0 0
1781 1781 530 0 0
1779 1781 530 0 0
1781 1782 0 0 0
1782 1782 0 0 0
1782 1783 490 0 0
1783 1783 490 0 0
1781 1783 490 0 0
1783 1784 0 0 0
1784 1784 0 0 0
1784 1785 512 0 0
1785 1785 512 0 0
1783 1785 512 0 0
1785 1786 0 0 0
1786 1786 0 0 0
1786 1787 460 0 0
1787 1787 460 0 0
1785 1787 460 0 0
1787 1788 0 0 0
1788 1788 0 0 0
1788 1789 19 0 0
1789 1789 19 0 0
1787 1789 19 0 0
1789 1790 0 0 0
1790 1790 0 0 0
1790 1791 512 0 0
1791 1791 512 0 0
1789 1791 512 0 0
1791 1792 0 0 0
1792 1792 0 0 0
1792 1793 152 0 0
1793 1793 152 0 0
1791 1793 152 0 0
1793 1 0 0 0
0 1794 1058 10625 0
1794 1794 1058 0 0
1794 1795 0 0 0
1795 1795 0 0 0
1795 1796 530 0 0
1796 1796 530 0 0
1794 1796 530 0 0
1796 1797 0 0 0
1797 1797 0 0 0
1797 1798 490 0 0
1798 1798 490 0 0
1796 1798 490 0 0
1798 1799 0 0 0
1799 1799 0 0 0
1799 1800 512 0 0
1800 1800 512 0 0
1798 1800 512 0 0
1800 1801 0 0 0
1801 1801 0 0 0
1801 1802 460 0 0
1802 1802 460 0 0
1800 1802 460 0 0
1802 1803 0 0 0
1803 1803 0 0 0
1803 1804 19 0 0
1804 1804 19 0 0
1802 1804 19 0 0
1804 1805 0 0 0
1805 1805 0 0 0
1805 1806 513 0 0
1806 1806 513 0 0
1804 1806 513 0 0
1806 1807 0 0 0
1807 1807 0 0 0
1807 1808 132 0 0
1808 1808 132 0 0
1806 1808 132 0 0
1808 1 0 0 0
0 1809 1058 10625 0
1809 1809 1058 0 0
1809 1810 0 0 0
1810 1810 0 0 0
1810 1811 530 0 0
1811 1811 530 0 0
1809 1811 530 0 0
1811 1812 0 0 0
1812 1812 0 0 0
1812 1813 490 0 0
1813 1813 490 0 0
1811 1813 490 0 0
1813 1814 0 0 0
1814 1814 0 0 0
1814 1815 512 0 0
1815 1815 512 0 0
1813 1815 512 0 0
1815 1816 0 0 0
1816 1816 0 0 0
1816 1817 460 0 0
1817 1817 460 0 0
1815 1817 460 0 0
1817 1818 0 0 0
1818 1818 0 0 0
1818 1819 75 0 0
1819 1819 75 0 0
1817 1819 75 0 0
1819 1820 0 0 0
1820 1820 0 0 0
1820 1821 141 0 0
1821 1821 141 0 0
1819 1821 141 0 0
1821 1822 0 0 0
1822 1822 0 0 0
1822 1823 132 0 0
1823 1823 132 0 0
1821 1823 132 0 0
1823 1 0 0 0
0 1824 1058 10625 0
1824 1824 1058 0 0
1824 1825 0 0 0
1825 1825 0 0 0
1825 1826 530 0 0
1826 1826 530 0 0
1824 1826 530 0 0
1826 1827 0 0 0
1827 1827 0 0 0
1827 1828 490 0 0
1828 1828 490 0 0
1826 1828 490 0 0
1828 1829 0 0 0
1829 1829 0 0 0
1829 1830 512 0 0
1830 1830 512 0 0
1828 1830 512 0 0
1830 1831 0 0 0
1831 1831 0 0 0
1831 1832 460 0 0
1832 1832 460 0 0
1830 1832 460 0 0
1832 1833 0 0 0
1833 1833 0 0 0
1833 1834 75 0 0
1834 1834 75 0 0
1832 1834 75 0 0
1834 1835 0 0 0
1835 1835 0 0 0
1835 1836 152 0 0
1836 1836 152 0 0
1834 1836 152 0 0
1836 1 0 0 0
0 1837 1058 10625 0
1837 1837 1058 0 0
1837 1838 0 0 0
1838 1838 0 0 0
1838 1839 530 0 0
1839 1839 530 0 0
1837 1839 530 0 0
1839 1840 0 0 0
1840 1840 0 0 0
1840 1841 490 0 0
1841 1841 490 0 0
1839 1841 490 0 0
1841 1842 0 0 0
1842 1842 0 0 0
1842 1843 512 0 0
1843 1843 512 0 0
1841 1843 512 0 0
1843 1844 0 0 0
1844 1844 0 0 0
1844 1845 460 0 0
1845 1845 460 0 0
1843 1845 460 0 0
1845 1846 0 0 0
1846 1846 0 0 0
1846 1847 76 0 0
1847 1847 76 0 0
1845 1847 76 0 0
1847 1848 0 0 0
1848 1848 0 0 0
1848 1849 132 0 0
1849 1849 132 0 0
1847 1849 132 0 0
1849 1 0 0 0
0 1850 1058 10625 0
1850 1850 1058 0 0
1850 1851 0 0 0
1851 1851 0 0 0
1851 1852 530 0 0
1852 1852 530 0 0
1850 1852 530 0 0
1852 1853 0 0 0
1853 1853 0 0 0
1853 1854 490 0 0
1854 1854 490 0 0
1852 1854 490 0 0
1854 1855 0 0 0
1855 1855 0 0 0
1855 1856 512 0 0
1856 1856 512 0 0
1854 1856 512 0 0
1856 1857 0 0 0
1857 1857 0 0 0
1857 1858 460 0 0
1858 1858 460 0 0
1856 1858 460 0 0
1858 1859 0 0 0
1859 1859 0 0 0
1859 1860 77 0 0
1860 1860 77 0 0
1858 1860 77 0 0
1860 1 0 0 0
0 1861 1058 10625 0
1861 1861 1058 0 0
1861 1862 0 0 0
1862 1862 0 0 0
1862 1863 530 0 0
1863 1863 530 0 0
1861 1863 530 0 0
1863 1864 0 0 0
1864 1864 0 0 0
1864 1865 490 0 0
1865 1865 490 0 0
1863 1865 490 0 0
1865 1866 0 0 0
1866 1866 0 0 0
1866 1867 512 0 0
1867 1867 512 0 0
1865 1867 512 0 0
1867 1868 0 0 0
1868 1868 0 0 0
1868 1869 461 0 0
1869 1869 461 0 0
1867 1869 461 0 0
1869 1870 0 0 0
1870 1870 0 0 0
1870 1871 512 0 0
1871 1871 512 0 0
1869 1871 512 0 0
1871 1872 0 0 0
1872 1872 0 0 0
1872 1873 141 0 0
1873 1873 141 0 0
1871 1873 141 0 0
1873 1874 0 0 0
1874 1874 0 0 0
1874 1875 132 0 0
1875 1875 132 0 0
1873 1875 132 0 0
1875 1 0 0 0
0 1876 1058 10625 0
1876 1876 1058 0 0
1876 1877 0 0 0
1877 1877 0 0 0
1877 1878 530 0 0
1878 1878 530 0 0
1876 1878 530 0 0
1878 1879 0 0 0
1879 1879 0 0 0
1879 1880 490 0 0
1880 1880 490 0 0
1878 1880 490 0 0
1880 1881 0 0 0
1881 1881 0 0 0
1881 1882 512 0 0
1882 1882 512 0 0
1880 1882 512 0 0
1882 1883 0 0 0
1883 1883 0 0 0
1883 1884 461 0 0
1884 1884 461 0 0
1882 1884 461 0 0
1884 1885 0 0 0
1885 1885 0 0 0
1885 1886 512 0 0
1886 1886 512 0 0
1884 1886 512 0 0
1886 1887 0 0 0
1887 1887 0 0 0
1887 1888 152 0 0
1888 1888 152 0 0
1886 1888 152 0 0
1888 1 0 0 0
0 1889 1058 10625 0
1889 1889 1058 0 0
1889 1890 0 0 0
1890 1890 0 0 0
1890 1891 530 0 0
1891 1891 530 0 0
1889 1891 530 0 0
1891 1892 0 0 0
1892 1892 0 0 0
1892 1893 490 0 0
1893 1893 490 0 0
1891 1893 490 0 0
1893 1894 0 0 0
1894 1894 0 0 0
1894 1895 512 0 0
1895 1895 512 0 0
1893 1895 512 0 0
1895 1896 0 0 0
1896 1896 0 0 0
1896 1897 461 0 0
1897 1897 461 0 0
1895 1897 461 0 0
1897 1898 0 0 0
1898 1898 0 0 0
1898 1899 513 0 0
1899 1899 513 0 0
1897 1899 513 0 0
1899 1900 0 0 0
1900 1900 0 0 0
1900 1901 132 0 0
1901 1901 132 0 0
1899 1901 132 0 0
1901 1 0 0 0
0 1902 1058 10625 0
1902 1902 1058 0 0
1902 1903 0 0 0
1903 1903 0 0 0
1903 1904 530 0 0
1904 1904 530 0 0
1902 1904 530 0 0
1904 1905 0 0 0
1905 1905 0 0 0
1905 1906 506 0 0
1906 1906 506 0 0
1904 1906 506 0 0
1906 1907 0 0 0
1907 1907 0 0 0
1907 1908 460 0 0
1908 1908 460 0 0
1906 1908 460 0 0
1908 1909 0 0 0
1909 1909 0 0 0
1909 1910 19 0 0
1910 1910 19 0 0
1908 1910 19 0 0
1910 1911 0 0 0
1911 1911 0 0 0
1911 1912 512 0 0
1912 1912 512 0 0
1910 1912 512 0 0
1912 1913 0 0 0
1913 1913 0 0 0
1913 1914 141 0 0
1914 1914 141 0 0
1912 1914 141 0 0
1914 1915 0 0 0
1915 1915 0 0 0
1915 1916 132 0 0
1916 1916 132 0 0
1914 1916 132 0 0
1916 1 0 0 0
0 1917 1058 10625 0
1917 1917 1058 0 0
1917 1918 0 0 0
1918 1918 0 0 0
1918 1919 530 0 0
1919 1919 530 0 0
1917 1919 530 0 0
1919 1920 0 0 0
1920 1920 0 0 0
1920 1921 506 0 0
1921 1921 506 0 0
1919 1921 506 0 0
1921 1922 0 0 0
1922 1922 0 0 0
1922 1923 460 0 0
1923 1923 460 0 0
1921 1923 460 0 0
1923 1924 0 0 0
1924 1924 0 0 0
1924 1925 19 0 0
1925 1925 19 0 0
1923 1925 19 0 0
1925 1926 0 0 0
1926 1926 0 0 0
1926 1927 512 0 0
1927 1927 512 0 0
1925 1927 512 0 0
1927 1928 0 0 0
1928 1928 0 0 0
1928 1929 152 0 0
1929 1929 152 0 0
1927 1929 152 0 0
1929 1 0 0 0
0 1930 1058 10625 0
1930 1930 1058 0 0
1930 1931 0 0 0
1931 1931 0 0 0
1931 1932 530 0 0
1932 1932 530 0 0
1930 1932 530 0 0
1932 1933 0 0 0
1933 1933 0 0 0
1933 1934 506 0 0
1934 1934 506 0 0
1932 1934 506 0 0
1934 1935 0 0 0
1935 1935 0 0 0
1935 1936 460 0 0
1936 1936 460 0 0
1934 1936 460 0 0
1936 1937 0 0 0
1937 1937 0 0 0
1937 1938 19 0 0
1938 1938 19 0 0
1936 1938 19 0 0
1938 1939 0 0 0
1939 1939 0 0 0
1939 1940 513 0 0
1940 1940 513 0 0
1938 1940 513 0 0
1940 1941 0 0 0
1941 1941 0 0 0
1941 1942 132 0 0
1942 1942 132 0 0
1940 1942 132 0 0
1942 1 0 0 0
0 1943 1058 10625 0
1943 1943 1058 0 0
1943 1944 0 0 0
1944 1944 0 0 0
1944 1945 530 0 0
1945 1945 530 0 0
1943 1945 530 0 0
1945 1946 0 0 0
1946 1946 0 0 0
1946 1947 506 0 0
1947 1947 506 0 0
1945 1947 506 0 0
1947 1948 0 0 0
1948 1948 0 0 0
1948 1949 460 0 0
1949 1949 460 0 0
1947 1949 460 0 0
1949 1950 0 0 0
1950 1950 0 0 0
1950 1951 75 0 0
1951 1951 75 0 0
1949 1951 75 0 0
1951 1952 0 0 0
1952 1952 0 0 0
1952 1953 141 0 0
1953 1953 141 0 0
1951 1953 141 0 0
1953 1954 0 0 0
1954 1954 0 0 0
1954 1955 132 0 0
1955 1955 132 0 0
1953 1955 132 0 0
1955 1 0 0 0
0 1956 1058 10625 0
1956 1956 1058 0 0
1956 1957 0 0 0
1957 1957 0 0 0
1957 1958 530 0 0
1958 1958 530 0 0
1956 1958 530 0 0
1958 1959 0 0 0
1959 1959 0 0 0
1959 1960 506 0 0
1960 1960 506 0 0
1958 1960 506 0 0
1960 1961 0 0 0
1961 1961 0 0 0
1961 1962 460 0 0
1962 1962 460 0 0
1960 1962 460 0 0
1962 1963 0 0 0
1963 1963 0 0 0
1963 1964 75 0 0
1964 1964 75 0 0
1962 1964 75 0 0
1964 1965 0 0 0
1965 1965 0 0 0
1965 1966 152 0 0
1966 1966 152 0 0
1964 1966 152 0 0
1966 1 0 0 0
0 1967 1058 10625 0
1967 1967 1058 0 0
1967 1968 0 0 0
1968 1968 0 0 0
1968 1969 530 0 0
1969 1969 530 0 0
1967 1969 530 0 0
1969 1970 0 0 0
1970 1970 0 0 0
1970 1971 506 0 0
1971 1971 506 0 0
1969 1971 506 0 0
1971 1972 0 0 0
1972 1972 0 0 0
1972 1973 460 0 0
1973 1973 460 0 0
1971 1973 460 0 0
1973 1974 0 0 0
1974 1974 0 0 0
1974 1975 76 0 0
1975 1975 76 0 0
1973 1975 76 0 0
1975 1976 0 0 0
1976 1976 0 0 0
1976 1977 132 0 0
1977 1977 132 0 0
1975 1977 132 0 0
1977 1 0 0 0
0 1978 1058 10625 0
1978 1978 1058 0 0
1978 1979 0 0 0
1979 1979 0 0 0
1979 1980 530 0 0
1980 1980 530 0 0
1978 1980 530 0 0
1980 1981 0 0 0
1981 1981 0 0 0
1981 1982 506 0 0
1982 1982 506 0 0
1980 1982 506 0 0
1982 1983 0 0 0
1983 1983 0 0 0
1983 1984 460 0 0
1984 1984 460 0 0
1982 1984 460 0 0
1984 1985 0 0 0
1985 1985 0 0 0
1985 1986 77 0 0
1986 1986 77 0 0
1984 1986 77 0 0
1986 1 0 0 0
0 1987 1058 10625 0
1987 1987 1058 0 0
1987 1988 0 0 0
1988 1988 0 0 0
1988 1989 530 0 0
1989 1989 530 0 0
1987 1989 530 0 0
1989 1990 0 0 0
1990 1990 0 0 0
1990 1991 506 0 0
1991 1991 506 0 0
1989 1991 506 0 0
1991 1992 0 0 0
1992 1992 0 0 0
1992 1993 461 0 0
1993 1993 461 0 0
1991 1993 461 0 0
1993 1994 0 0 0
1994 1994 0 0 0
1994 1995 512 0 0
1995 1995 512 0 0
1993 1995 512 0 0
1995 1996 0 0 0
1996 1996 0 0 0
1996 1997 141 0 0
1997 1997 141 0 0
1995 1997 141 0 0
1997 1998 0 0 0
1998 1998 0 0 0
1998 1999 132 0 0
1999 1999 132 0 0
1997 1999 132 0 0
1999 1 0 0 0
0 2000 1058 10625 0
2000 2000 1058 0 0
2000 2001 0 0 0
2001 2001 0 0 0
2001 2002 530 0 0
2002 2002 530 0 0
2000 2002 530 0 0
2002 2003 0 0 0
2003 2003 0 0 0
2003 2004 506 0 0
2004 2004 506 0 0
2002 2004 506 0 0
2004 2005 0 0 0
2005 2005 0 0 0
2005 2006 461 0 0
2006 2006 461 0 0
2004 2006 461 0 0
2006 2007 0 0 0
2007 2007 0 0 0
2007 2008 512 0 0
2008 2008 512 0 0
2006 2008 512 0 0
2008 2009 0 0 0
2009 2009 0 0 0
2009 2010 152 0 0
2010 2010 152 0 0
2008 2010 152 0 0
2010 1 0 0 0
0 2011 1058 10625 0
2011 2011 1058 0 0
2011 2012 0 0 0
2012 2012 0 0 0
2012 2013 530 0 0
2013 2013 530 0 0
2011 2013 530 0 0
2013 2014 0 0 0
2014 2014 0 0 0
2014 2015 506 0 0
2015 2015 506 0 0
2013 2015 506 0 0
2015 2016 0 0 0
2016 2016 0 0 0
2016 2017 461 0 0
2017 2017 461 0 0
2015 2017 461 0 0
2017 2018 0 0 0
2018 2018 0 0 0
2018 2019 513 0 0
2019 2019 513 0 0
2017 2019 513 0 0
2019 2020 0 0 0
2020 2020 0 0 0
2020 2021 132 0 0
2021 2021 132 0 0
2019 2021 132 0 0
2021 1 0 0 0
0 2022 1058 10625 0
2022 2022 1058 0 0
2022 2023 0 0 0
2023 2023 0 0 0
2023 2024 557 0 0
2024 2024 557 0 0
2022 2024 557 0 0
2024 2025 0 0 0
2025 2025 0 0 0
2025 2026 512 0 0
2026 2026 512 0 0
2024 2026 512 0 0
2026 2027 0 0 0
2027 2027 0 0 0
2027 2028 460 0 0
2028 2028 460 0 0
2026 2028 460 0 0
2028 2029 0 0 0
2029 2029 0 0 0
2029 2030 19 0 0
2030 2030 19 0 0
2028 2030 19 0 0
2030 2031 0 0 0
2031 2031 0 0 0
2031 2032 512 0 0
2032 2032 512 0 0
2030 2032 512 0 0
2032 2033 0 0 0
2033 2033 0 0 0
2033 2034 141 0 0
2034 2034 141 0 0
2032 2034 141 0 0
2034 2035 0 0 0
2035 2035 0 0 0
2035 2036 132 0 0
2036 2036 132 0 0
2034 2036 132 0 0
2036 1 0 0 0
0 2037 1058 10625 0
2037 2037 1058 0 0
2037 2038 0 0 0
2038 2038 0 0 0
2038 2039 557 0 0
2039 2039 557 0 0
2037 2039 557 0 0
2039 2040 0 0 0
2040 2040 0 0 0
2040 2041 512 0 0
2041 2041 512 0 0
2039 2041 512 0 0
2041 2042 0 0 0
2042 2042 0 0 0
2042 2043 460 0 0
2043 2043 460 0 0
2041 2043 460 0 0
2043 2044 0 0 0
2044 2044 0 0 0
2044 2045 19 0 0
2045 2045 19 0 0
2043 2045 19 0 0
2045 2046 0 0 0
2046 2046 0 0 0
2046 2047 512 0 0
2047 2047 512 0 0
2045 2047 512 0 0
2047 2048 0 0 0
2048 2048 0 0 0
2048 2049 152 0 0
2049 2049 152 0 0
2047 2049 152 0 0
2049 1 0 0 0
0 2050 1058 10625 0
2050 2050 1058 0 0
2050 2051 0 0 0
2051 2051 0 0 0
2051 2052 557 0 0
2052 2052 557 0 0
2050 2052 557 0 0
2052 2053 0 0 0
2053 2053 0 0 0
2053 2054 512 0 0
2054 2054 512 0 0
2052 2054 512 0 0
2054 2055 0 0 0
2055 2055 0 0 0
2055 2056 460 0 0
2056 2056 460 0 0
2054 2056 460 0 0
2056 2057 0 0 0
2057 2057 0 0 0
2057 2058 19 0 0
2058 2058 19 0 0
2056 2058 19 0 0
2058 2059 0 0 0
2059 2059 0 0 0
2059 2060 513 0 0
2060 2060 513 0 0
2058 2060 513 0 0
2060 2061 0 0 0
2061 2061 0 0 0
2061 2062 132 0 0
2062 2062 132 0 0
2060 2062 132 0 0
2062 1 0 0 0
0 2063 1058 10625 0
2063 2063 1058 0 0
2063 2064 0 0 0
2064 2064 0 0 0
2064 2065 557 0 0
2065 2065 557 0 0
2063 2065 557 0 0
2065 2066 0 0 0
2066 2066 0 0 0
2066 2067 512 0 0
2067 2067 512 0 0
2065 2067 512 0 0
2067 2068 0 0 0
2068 2068 0 0 0
2068 2069 460 0 0
2069 2069 460 0 0
2067 2069 460 0 0
2069 2070 0 0 0
2070 2070 0 0 0
2070 2071 75 0 0
2071 2071 75 0 0
2069 2071 75 0 0
2071 2072 0 0 0
2072 2072 0 0 0
2072 2073 141 0 0
2073 2073 141 0 0
2071 2073 141 0 0
2073 2074 0 0 0
2074 2074 0 0 0
2074 2075 132 0 0
2075 2075 132 0 0
2073 2075 132 0 0
2075 1 0 0 0
0 2076 1058 10625 0
2076 2076 1058 0 0
2076 2077 0 0 0
2077 2077 0 0 0
2077 2078 557 0 0
2078 2078 557 0 0
2076 2078 557 0 0
2078 2079 0 0 0
2079 2079 0 0 0
2079 2080 512 0 0
2080 2080 512 0 0
2078 2080 512 0 0
2080 2081 0 0 0
2081 2081 0 0 0
2081 2082 460 0 0
2082 2082 460 0 0
2080 2082 460 0 0
2082 2083 0 0 0
2083 2083 0 0 0
2083 2084 75 0 0
2084 2084 75 0 0
2082 2084 75 0 0
2084 2085 0 0 0
2085 2085 0 0 0
2085 2086 152 0 0
2086 2086 152 0 0
2084 2086 152 0 0
2086 1 0 0 0
0 2087 1058 10625 0
2087 2087 1058 0 0
2087 2088 0 0 0
2088 2088 0 0 0
2088 2089 557 0 0
2089 2089 557 0 0
2087 2089 557 0 0
2089 2090 0 0 0
2090 2090 0 0 0
2090 2091 512 0 0
2091 2091 512 0 0
2089 2091 512 0 0
2091 2092 0 0 0
2092 2092 0 0 0
2092 2093 460 0 0
2093 2093 460 0 0
2091 2093 460 0 0
2093 2094 0 0 0
2094 2094 0 0 0
2094 2095 76 0 0
2095 2095 76 0 0
2093 2095 76 0 0
2095 2096 0 0 0
2096 2096 0 0 0
2096 2097 132 0 0
2097 2097 132 0 0
2095 2097 132 0 0
2097 1 0 0 0
0 2098 1058 10625 0
2098 2098 1058 0 0
2098 2099 0 0 0
2099 2099 0 0 0
2099 2100 557 0 0
2100 2100 557 0 0
2098 2100 557 0 0
2100 2101 0 0 0
2101 2101 0 0 0
2101 2102 512 0 0
2102 2102 512 0 0
2100 2102 512 0 0
2102 2103 0 0 0
2103 2103 0 0 0
2103 2104 460 0 0
2104 2104 460 0 0
2102 2104 460 0 0
2104 2105 0 0 0
2105 2105 0 0 0
2105 2106 77 0 0
2106 2106 77 0 0
2104 2106 77 0 0
2106 1 0 0 0
0 2107 1058 10625 0
2107 2107 1058 0 0
2107 2108 0 0 0
2108 2108 0 0 0
2108 2109 557 0 0
2109 2109 557 0 0
2107 2109 557 0 0
2109 2110 0 0 0
2110 2110 0 0 0
2110 2111 512 0 0
2111 2111 512 0 0
2109 2111 512 0 0
2111 2112 0 0 0
2112 2112 0 0 0
2112 2113 461 0 0
2113 2113 461 0 0
2111 2113 461 0 0
2113 2114 0 0 0
2114 2114 0 0 0
2114 2115 512 0 0
2115 2115 512 0 0
2113 2115 512 0 0
2115 2116 0 0 0
2116 2116 0 0 0
2116 2117 141 0 0
2117 2117 141 0 0
2115 2117 141 0 0
2117 2118 0 0 0
2118 2118 0 0 0
2118 2119 132 0 0
2119 2119 132 0 0
2117 2119 132 0 0
2119 1 0 0 0
0 2120 1058 10625 0
2120 2120 1058 0 0
2120 2121 0 0 0
2121 2121 0 0 0
2121 2122 557 0 0
2122 2122 557 0 0
2120 2122 557 0 0
2122 2123 0 0 0
2123 2123 0 0 0
2123 2124 512 0 0
2124 2124 512 0 0
2122 2124 512 0 0
2124 2125 0 0 0
2125 2125 0 0 0
2125 2126 461 0 0
2126 2126 461 0 0
2124 2126 461 0 0
2126 2127 0 0 0
2127 2127 0 0 0
2127 2128 512 0 0
2128 2128 512 0 0
2126 2128 512 0 0
2128 2129 0 0 0
2129 2129 0 0 0
2129 2130 152 0 0
2130 2130 152 0 0
2128 2130 152 0 0
2130 1 0 0 0
0 2131 1058 10625 0
2131 2131 1058 0 0
2131 2132 0 0 0
2132 2132 0 0 0
2132 2133 557 0 0
2133 2133 557 0 0
2131 2133 557 0 0
2133 2134 0 0 0
2134 2134 0 0 0
2134 2135 512 0 0
2135 2135 512 0 0
2133 2135 512 0 0
2135 2136 0 0 0
2136 2136 0 0 0
2136 2137 461 0 0
2137 2137 461 0 0
2135 2137 461 0 0
2137 2138 0 0 0
2138 2138 0 0 0
2138 2139 513 0 0
2139 2139 513 0 0
2137 2139 513 0 0
2139 2140 0 0 0
2140 2140 0 0 0
2140 2141 132 0 0
2141 2141 132 0 0
2139 2141 132 0 0
2141 1 0 0 0
0 2142 1058 10625 0
2142 2142 1058 0 0
2142 2143 0 0 0
2143 2143 0 0 0
2143 2144 558 0 0
2144 2144 558 0 0
2142 2144 558 0 0
2144 2145 0 0 0
2145 2145 0 0 0
2145 2146 460 0 0
2146 2146 460 0 0
2144 2146 460 0 0
2146 2147 0 0 0
2147 2147 0 0 0
2147 2148 19 0 0
2148 2148 19 0 0
2146 2148 19 0 0
2148 2149 0 0 0
2149 2149 0 0 0
2149 2150 512 0 0
2150 2150 512 0 0
2148 2150 512 0 0
2150 2151 0 0 0
2151 2151 0 0 0
2151 2152 141 0 0
2152 2152 141 0 0
2150 2152 141 0 0
2152 2153 0 0 0
2153 2153 0 0 0
2153 2154 132 0 0
2154 2154 132 0 0
2152 2154 132 0 0
2154 1 0 0 0
0 2155 1058 10625 0
2155 2155 1058 0 0
2155 2156 0 0 0
2156 2156 0 0 0
2156 2157 558 0 0
2157 2157 558 0 0
2155 2157 558 0 0
2157 2158 0 0 0
2158 2158 0 0 0
2158 2159 460 0 0
2159 2159 460 0 0
2157 2159 460 0 0
2159 2160 0 0 0
2160 2160 0 0 0
2160 2161 19 0 0
2161 2161 19 0 0
2159 2161 19 0 0
2161 2162 0 0 0
2162 2162 0 0 0
2162 2163 512 0 0
2163 2163 512 0 0
2161 2163 512 0 0
2163 2164 0 0 0
2164 2164 0 0 0
2164 2165 152 0 0
2165 2165 152 0 0
2163 2165 152 0 0
2165 1 0 0 0
0 2166 1058 10625 0
2166 2166 1058 0 0
2166 2167 0 0 0
2167 2167 0 0 0
2167 2168 558 0 0
2168 2168 558 0 0
2166 2168 558 0 0
2168 2169 0 0 0
2169 2169 0 0 0
2169 2170 460 0 0
2170 2170 460 0 0
2168 2170 460 0 0
2170 2171 0 0 0
2171 2171 0 0 0
2171 2172 19 0 0
2172 2172 19 0 0
2170 2172 19 0 0
2172 2173 0 0 0
2173 2173 0 0 0
2173 2174 513 0 0
2174 2174 513 0 0
2172 2174 513 0 0
2174 2175 0 0 0
2175 2175 0 0 0
2175 2176 132 0 0
2176 2176 132 0 0
2174 2176 132 0 0
2176 1 0 0 0
0 2177 1058 10625 0
2177 2177 1058 0 0
2177 2178 0 0 0
2178 2178 0 0 0
2178 2179 558 0 0
2179 2179 558 0 0
2177 2179 558 0 0
2179 2180 0 0 0
2180 2180 0 0 0
2180 2181 460 0 0
2181 2181 460 0 0
2179 2181 460 0 0
2181 2182 0 0 0
2182 2182 0 0 0
2182 2183 75 0 0
2183 2183 75 0 0
2181 2183 75 0 0
2183 2184 0 0 0
2184 2184 0 0 0
2184 2185 141 0 0
2185 2185 141 0 0
2183 2185 141 0 0
2185 2186 0 0 0
2186 2186 0 0 0
2186 2187 132 0 0
2187 2187 132 0 0
2185 2187 132 0 0
2187 1 0 0 0
0 2188 1058 10625 0
2188 2188 1058 0 0
2188 2189 0 0 0
2189 2189 0 0 0
2189 2190 558 0 0
2190 2190 558 0 0
2188 2190 558 0 0
2190 2191 0 0 0
2191 2191 0 0 0
2191 2192 460 0 0
2192 2192 460 0 0
2190 2192 460 0 0
2192 2193 0 0 0
2193 2193 0 0 0
2193 2194 75 0 0
2194 2194 75 0 0
2192 2194 75 0 0
2194 2195 0 0 0
2195 2195 0 0 0
2195 2196 152 0 0
2196 2196 152 0 0
2194 2196 152 0 0
2196 1 0 0 0
0 2197 1058 10625 0
2197 2197 1058 0 0
2197 2198 0 0 0
2198 2198 0 0 0
2198 2199 558 0 0
2199 2199 558 0 0
2197 2199 558 0 0
2199 2200 0 0 0
2200 2200 0 0 0
2200 2201 460 0 0
2201 2201 460 0 0
2199 2201 460 0 0
2201 2202 0 0 0
2202 2202 0 0 0
2202 2203 76 0 0
2203 2203 76 0 0
2201 2203 76 0 0
2203 2204 0 0 0
2204 2204 0 0 0
2204 2205 132 0 0
2205 2205 132 0 0
2203 2205 132 0 0
2205 1 0 0 0
0 2206 1058 10625 0
2206 2206 1058 0 0
2206 2207 0 0 0
2207 2207 0 0 0
2207 2208 558 0 0
2208 2208 558 0 0
2206 2208 558 0 0
2208 2209 0 0 0
2209 2209 0 0 0
2209 2210 460 0 0
2210 2210 460 0 0
2208 2210 460 0 0
2210 2211 0 0 0
2211 2211 0 0 0
2211 2212 77 0 0
2212 2212 77 0 0
2210 2212 77 0 0
2212 1 0 0 0
0 2213 1058 10625 0
2213 2213 1058 0 0
2213 2214 0 0 0
2214 2214 0 0 0
2214 2215 558 0 0
2215 2215 558 0 0
2213 2215 558 0 0
2215 2216 0 0 0
2216 2216 0 0 0
2216 2217 461 0 0
2217 2217 461 0 0
2215 2217 461 0 0
2217 2218 0 0 0
2218 2218 0 0 0
2218 2219 512 0 0
2219 2219 512 0 0
2217 2219 512 0 0
2219 2220 0 0 0
2220 2220 0 0 0
2220 2221 141 0 0
2221 2221 141 0 0
2219 2221 141 0 0
2221 2222 0 0 0
2222 2222 0 0 0
2222 2223 132 0 0
2223 2223 132 0 0
2221 2223 132 0 0
2223 1 0 0 0
0 2224 1058 10625 0
2224 2224 1058 0 0
2224 2225 0 0 0
2225 2225 0 0 0
2225 2226 558 0 0
2226 2226 558 0 0
2224 2226 558 0 0
2226 2227 0 0 0
2227 2227 0 0 0
2227 2228 461 0 0
2228 2228 461 0 0
2226 2228 461 0 0
2228 2229 0 0 0
2229 2229 0 0 0
2229 2230 512 0 0
2230 2230 512 0 0
2228 2230 512 0 0
2230 2231 0 0 0
2231 2231 0 0 0
2231 2232 152 0 0
2232 2232 152 0 0
2230 2232 152 0 0
2232 1 0 0 0
0 2233 1058 10625 0
2233 2233 1058 0 0
2233 2234 0 0 0
2234 2234 0 0 0
2234 2235 558 0 0
2235 2235 558 0 0
2233 2235 558 0 0
2235 2236 0 0 0
2236 2236 0 0 0
2236 2237 461 0 0
2237 2237 461 0 0
2235 2237 461 0 0
2237 2238 0 0 0
2238 2238 0 0 0
2238 2239 513 0 0
2239 2239 513 0 0
2237 2239 513 0 0
2239 2240 0 0 0
2240 2240 0 0 0
2240 2241 132 0 0
2241 2241 132 0 0
2239 2241 132 0 0
2241 1 0 0 0
