0
1 8 13 18 21 24 25
1 1 0 0 0
0 2 597 7410 0
2 2 597 0 0
2 3 0 0 0
3 3 0 0 0
3 4 132 0 0
4 4 132 0 0
2 4 132 0 0
4 5 0 0 0
5 5 0 0 0
5 6 222 0 0
6 6 222 0 0
4 6 222 0 0
6 7 0 0 0
7 7 0 0 0
7 8 132 0 0
8 8 132 0 0
6 8 132 0 0
8 1 0 0 0
0 9 597 7410 0
9 9 597 0 0
9 10 0 0 0
10 10 0 0 0
10 11 132 0 0
11 11 132 0 0
9 11 132 0 0
11 12 0 0 0
12 12 0 0 0
12 13 244 0 0
13 13 244 0 0
11 13 244 0 0
13 1 0 0 0
0 14 874 7410 0
14 14 874 0 0
14 15 0 0 0
15 15 0 0 0
15 16 222 0 0
16 16 222 0 0
14 16 222 0 0
16 17 0 0 0
17 17 0 0 0
17 18 132 0 0
18 18 132 0 0
16 18 132 0 0
18 1 0 0 0
0 19 874 7410 0
19 19 874 0 0
19 20 0 0 0
20 20 0 0 0
20 21 244 0 0
21 21 244 0 0
19 21 244 0 0
21 1 0 0 0
0 22 899 7410 0
22 22 899 0 0
22 23 0 0 0
23 23 0 0 0
23 24 132 0 0
24 24 132 0 0
22 24 132 0 0
24 1 0 0 0
0 25 900 7410 0
25 25 900 0 0
25 1 0 0 0
