0
4 8 11 13 14
0 1 597 1140 0
0 2 599 1140 0
0 3 644 1140 0
0 4 645 1140 0
1 5 0 0 0
1 6 19 0 0
1 7 47 0 0
1 8 50 0 0
1 1 597 0 0
2 9 0 0 0
2 10 371 0 0
2 11 374 0 0
2 2 599 0 0
3 12 0 0 0
3 13 132 0 0
3 3 644 0 0
4 14 0 0 0
4 4 645 0 0
5 5 0 0 0
5 6 19 0 0
5 7 47 0 0
5 8 50 0 0
6 9 0 0 0
6 6 19 0 0
6 10 371 0 0
6 11 374 0 0
7 12 0 0 0
7 7 47 0 0
7 13 132 0 0
8 14 0 0 0
8 8 50 0 0
9 9 0 0 0
9 10 371 0 0
9 11 374 0 0
10 12 0 0 0
10 10 371 0 0
10 13 132 0 0
11 14 0 0 0
11 11 374 0 0
12 12 0 0 0
12 13 132 0 0
13 14 0 0 0
13 13 132 0 0
14 14 0 0 0
