0
4 10 13 14 16
0 1 597 14145 0
0 2 1226 14145 0
0 3 1230 14145 0
0 4 1233 14145 0
1 5 0 0 0
1 6 322 0 0
1 1 597 0 0
2 7 0 0 0
2 8 530 0 0
2 9 557 0 0
2 10 558 0 0
2 2 1226 0 0
3 11 0 0 0
3 12 490 0 0
3 13 506 0 0
3 3 1230 0 0
4 14 0 0 0
4 4 1233 0 0
5 5 0 0 0
5 6 322 0 0
6 7 0 0 0
6 6 322 0 0
6 8 530 0 0
6 9 557 0 0
6 10 558 0 0
7 7 0 0 0
7 8 530 0 0
7 9 557 0 0
7 10 558 0 0
8 11 0 0 0
8 8 530 0 0
8 12 490 0 0
8 13 506 0 0
9 15 0 0 0
9 9 557 0 0
9 16 512 0 0
10 14 0 0 0
10 10 558 0 0
11 11 0 0 0
11 12 490 0 0
11 13 506 0 0
12 15 0 0 0
12 12 490 0 0
12 16 512 0 0
13 14 0 0 0
13 13 506 0 0
15 15 0 0 0
15 16 512 0 0
16 14 0 0 0
16 16 512 0 0
16 16 0 0 0
