0
1 14 25 36 45 54 65 74 83 90 101 110 119 126 133 144 153 162 169 176 185 192 199 204 213 220 227 232 237 244 249 254 257 258
1 1 0 0 0
0 2 597 8819 0
2 2 597 0 0
2 3 0 0 0
3 3 0 0 0
3 4 141 0 0
4 4 141 0 0
2 4 141 0 0
4 5 0 0 0
5 5 0 0 0
5 6 371 0 0
6 6 371 0 0
4 6 371 0 0
6 7 0 0 0
7 7 0 0 0
7 8 201 0 0
8 8 201 0 0
6 8 201 0 0
8 9 0 0 0
9 9 0 0 0
9 10 222 0 0
10 10 222 0 0
8 10 222 0 0
10 11 0 0 0
11 11 0 0 0
11 12 371 0 0
12 12 371 0 0
10 12 371 0 0
12 13 0 0 0
13 13 0 0 0
13 14 141 0 0
14 14 141 0 0
12 14 141 0 0
14 1 0 0 0
0 15 597 8819 0
15 15 597 0 0
15 16 0 0 0
16 16 0 0 0
16 17 141 0 0
17 17 141 0 0
15 17 141 0 0
17 18 0 0 0
18 18 0 0 0
18 19 371 0 0
19 19 371 0 0
17 19 371 0 0
19 20 0 0 0
20 20 0 0 0
20 21 201 0 0
21 21 201 0 0
19 21 201 0 0
21 22 0 0 0
22 22 0 0 0
22 23 222 0 0
23 23 222 0 0
21 23 222 0 0
23 24 0 0 0
24 24 0 0 0
24 25 379 0 0
25 25 379 0 0
23 25 379 0 0
25 1 0 0 0
0 26 597 8819 0
26 26 597 0 0
26 27 0 0 0
27 27 0 0 0
27 28 141 0 0
28 28 141 0 0
26 28 141 0 0
28 29 0 0 0
29 29 0 0 0
29 30 371 0 0
30 30 371 0 0
28 30 371 0 0
30 31 0 0 0
31 31 0 0 0
31 32 201 0 0
32 32 201 0 0
30 32 201 0 0
32 33 0 0 0
33 33 0 0 0
33 34 272 0 0
34 34 272 0 0
32 34 272 0 0
34 35 0 0 0
35 35 0 0 0
35 36 141 0 0
36 36 141 0 0
34 36 141 0 0
36 1 0 0 0
0 37 597 8819 0
37 37 597 0 0
37 38 0 0 0
38 38 0 0 0
38 39 141 0 0
39 39 141 0 0
37 39 141 0 0
39 40 0 0 0
40 40 0 0 0
40 41 371 0 0
41 41 371 0 0
39 41 371 0 0
41 42 0 0 0
42 42 0 0 0
42 43 201 0 0
43 43 201 0 0
41 43 201 0 0
43 44 0 0 0
44 44 0 0 0
44 45 276 0 0
45 45 276 0 0
43 45 276 0 0
45 1 0 0 0
0 46 597 8819 0
46 46 597 0 0
46 47 0 0 0
47 47 0 0 0
47 48 141 0 0
48 48 141 0 0
46 48 141 0 0
48 49 0 0 0
49 49 0 0 0
49 50 371 0 0
50 50 371 0 0
48 50 371 0 0
50 51 0 0 0
51 51 0 0 0
51 52 212 0 0
52 52 212 0 0
50 52 212 0 0
52 53 0 0 0
53 53 0 0 0
53 54 141 0 0
54 54 141 0 0
52 54 141 0 0
54 1 0 0 0
0 55 597 8819 0
55 55 597 0 0
55 56 0 0 0
56 56 0 0 0
56 57 141 0 0
57 57 141 0 0
55 57 141 0 0
57 58 0 0 0
58 58 0 0 0
58 59 384 0 0
59 59 384 0 0
57 59 384 0 0
59 60 0 0 0
60 60 0 0 0
60 61 222 0 0
61 61 222 0 0
59 61 222 0 0
61 62 0 0 0
62 62 0 0 0
62 63 371 0 0
63 63 371 0 0
61 63 371 0 0
63 64 0 0 0
64 64 0 0 0
64 65 141 0 0
65 65 141 0 0
63 65 141 0 0
65 1 0 0 0
0 66 597 8819 0
66 66 597 0 0
66 67 0 0 0
67 67 0 0 0
67 68 141 0 0
68 68 141 0 0
66 68 141 0 0
68 69 0 0 0
69 69 0 0 0
69 70 384 0 0
70 70 384 0 0
68 70 384 0 0
70 71 0 0 0
71 71 0 0 0
71 72 222 0 0
72 72 222 0 0
70 72 222 0 0
72 73 0 0 0
73 73 0 0 0
73 74 379 0 0
74 74 379 0 0
72 74 379 0 0
74 1 0 0 0
0 75 597 8819 0
75 75 597 0 0
75 76 0 0 0
76 76 0 0 0
76 77 141 0 0
77 77 141 0 0
75 77 141 0 0
77 78 0 0 0
78 78 0 0 0
78 79 384 0 0
79 79 384 0 0
77 79 384 0 0
79 80 0 0 0
80 80 0 0 0
80 81 272 0 0
81 81 272 0 0
79 81 272 0 0
81 82 0 0 0
82 82 0 0 0
82 83 141 0 0
83 83 141 0 0
81 83 141 0 0
83 1 0 0 0
0 84 597 8819 0
84 84 597 0 0
84 85 0 0 0
85 85 0 0 0
85 86 141 0 0
86 86 141 0 0
84 86 141 0 0
86 87 0 0 0
87 87 0 0 0
87 88 384 0 0
88 88 384 0 0
86 88 384 0 0
88 89 0 0 0
89 89 0 0 0
89 90 276 0 0
90 90 276 0 0
88 90 276 0 0
90 1 0 0 0
0 91 597 8819 0
91 91 597 0 0
91 92 0 0 0
92 92 0 0 0
92 93 160 0 0
93 93 160 0 0
91 93 160 0 0
93 94 0 0 0
94 94 0 0 0
94 95 201 0 0
95 95 201 0 0
93 95 201 0 0
95 96 0 0 0
96 96 0 0 0
96 97 222 0 0
97 97 222 0 0
95 97 222 0 0
97 98 0 0 0
98 98 0 0 0
98 99 371 0 0
99 99 371 0 0
97 99 371 0 0
99 100 0 0 0
100 100 0 0 0
100 101 141 0 0
101 101 141 0 0
99 101 141 0 0
101 1 0 0 0
0 102 597 8819 0
102 102 597 0 0
102 103 0 0 0
103 103 0 0 0
103 104 160 0 0
104 104 160 0 0
102 104 160 0 0
104 105 0 0 0
105 105 0 0 0
105 106 201 0 0
106 106 201 0 0
104 106 201 0 0
106 107 0 0 0
107 107 0 0 0
107 108 222 0 0
108 108 222 0 0
106 108 222 0 0
108 109 0 0 0
109 109 0 0 0
109 110 379 0 0
110 110 379 0 0
108 110 379 0 0
110 1 0 0 0
0 111 597 8819 0
111 111 597 0 0
111 112 0 0 0
112 112 0 0 0
112 113 160 0 0
113 113 160 0 0
111 113 160 0 0
113 114 0 0 0
114 114 0 0 0
114 115 201 0 0
115 115 201 0 0
113 115 201 0 0
115 116 0 0 0
116 116 0 0 0
116 117 272 0 0
117 117 272 0 0
115 117 272 0 0
117 118 0 0 0
118 118 0 0 0
118 119 141 0 0
119 119 141 0 0
117 119 141 0 0
119 1 0 0 0
0 120 597 8819 0
120 120 597 0 0
120 121 0 0 0
121 121 0 0 0
121 122 160 0 0
122 122 160 0 0
120 122 160 0 0
122 123 0 0 0
123 123 0 0 0
123 124 201 0 0
124 124 201 0 0
122 124 201 0 0
124 125 0 0 0
125 125 0 0 0
125 126 276 0 0
126 126 276 0 0
124 126 276 0 0
126 1 0 0 0
0 127 597 8819 0
127 127 597 0 0
127 128 0 0 0
128 128 0 0 0
128 129 160 0 0
129 129 160 0 0
127 129 160 0 0
129 130 0 0 0
130 130 0 0 0
130 131 212 0 0
131 131 212 0 0
129 131 212 0 0
131 132 0 0 0
132 132 0 0 0
132 133 141 0 0
133 133 141 0 0
131 133 141 0 0
133 1 0 0 0
0 134 937 8819 0
134 134 937 0 0
134 135 0 0 0
135 135 0 0 0
135 136 371 0 0
136 136 371 0 0
134 136 371 0 0
136 137 0 0 0
137 137 0 0 0
137 138 201 0 0
138 138 201 0 0
136 138 201 0 0
138 139 0 0 0
139 139 0 0 0
139 140 222 0 0
140 140 222 0 0
138 140 222 0 0
140 141 0 0 0
141 141 0 0 0
141 142 371 0 0
142 142 371 0 0
140 142 371 0 0
142 143 0 0 0
143 143 0 0 0
143 144 141 0 0
144 144 141 0 0
142 144 141 0 0
144 1 0 0 0
0 145 937 8819 0
145 145 937 0 0
145 146 0 0 0
146 146 0 0 0
146 147 371 0 0
147 147 371 0 0
145 147 371 0 0
147 148 0 0 0
148 148 0 0 0
148 149 201 0 0
149 149 201 0 0
147 149 201 0 0
149 150 0 0 0
150 150 0 0 0
150 151 222 0 0
151 151 222 0 0
149 151 222 0 0
151 152 0 0 0
152 152 0 0 0
152 153 379 0 0
153 153 379 0 0
151 153 379 0 0
153 1 0 0 0
0 154 937 8819 0
154 154 937 0 0
154 155 0 0 0
155 155 0 0 0
155 156 371 0 0
156 156 371 0 0
154 156 371 0 0
156 157 0 0 0
157 157 0 0 0
157 158 201 0 0
158 158 201 0 0
156 158 201 0 0
158 159 0 0 0
159 159 0 0 0
159 160 272 0 0
160 160 272 0 0
158 160 272 0 0
160 161 0 0 0
161 161 0 0 0
161 162 141 0 0
162 162 141 0 0
160 162 141 0 0
162 1 0 0 0
0 163 937 8819 0
163 163 937 0 0
163 164 0 0 0
164 164 0 0 0
164 165 371 0 0
165 165 371 0 0
163 165 371 0 0
165 166 0 0 0
166 166 0 0 0
166 167 201 0 0
167 167 201 0 0
165 167 201 0 0
167 168 0 0 0
168 168 0 0 0
168 169 276 0 0
169 169 276 0 0
167 169 276 0 0
169 1 0 0 0
0 170 937 8819 0
170 170 937 0 0
170 171 0 0 0
171 171 0 0 0
171 172 371 0 0
172 172 371 0 0
170 172 371 0 0
172 173 0 0 0
173 173 0 0 0
173 174 212 0 0
174 174 212 0 0
172 174 212 0 0
174 175 0 0 0
175 175 0 0 0
175 176 141 0 0
176 176 141 0 0
174 176 141 0 0
176 1 0 0 0
0 177 937 8819 0
177 177 937 0 0
177 178 0 0 0
178 178 0 0 0
178 179 384 0 0
179 179 384 0 0
177 179 384 0 0
179 180 0 0 0
180 180 0 0 0
180 181 222 0 0
181 181 222 0 0
179 181 222 0 0
181 182 0 0 0
182 182 0 0 0
182 183 371 0 0
183 183 371 0 0
181 183 371 0 0
183 184 0 0 0
184 184 0 0 0
184 185 141 0 0
185 185 141 0 0
183 185 141 0 0
185 1 0 0 0
0 186 937 8819 0
186 186 937 0 0
186 187 0 0 0
187 187 0 0 0
187 188 384 0 0
188 188 384 0 0
186 188 384 0 0
188 189 0 0 0
189 189 0 0 0
189 190 222 0 0
190 190 222 0 0
188 190 222 0 0
190 191 0 0 0
191 191 0 0 0
191 192 379 0 0
192 192 379 0 0
190 192 379 0 0
192 1 0 0 0
0 193 937 8819 0
193 193 937 0 0
193 194 0 0 0
194 194 0 0 0
194 195 384 0 0
195 195 384 0 0
193 195 384 0 0
195 196 0 0 0
196 196 0 0 0
196 197 272 0 0
197 197 272 0 0
195 197 272 0 0
197 198 0 0 0
198 198 0 0 0
198 199 141 0 0
199 199 141 0 0
197 199 141 0 0
199 1 0 0 0
0 200 937 8819 0
200 200 937 0 0
200 201 0 0 0
201 201 0 0 0
201 202 384 0 0
202 202 384 0 0
200 202 384 0 0
202 203 0 0 0
203 203 0 0 0
203 204 276 0 0
204 204 276 0 0
202 204 276 0 0
204 1 0 0 0
0 205 961 8819 0
205 205 961 0 0
205 206 0 0 0
206 206 0 0 0
206 207 201 0 0
207 207 201 0 0
205 207 201 0 0
207 208 0 0 0
208 208 0 0 0
208 209 222 0 0
209 209 222 0 0
207 209 222 0 0
209 210 0 0 0
210 210 0 0 0
210 211 371 0 0
211 211 371 0 0
209 211 371 0 0
211 212 0 0 0
212 212 0 0 0
212 213 141 0 0
213 213 141 0 0
211 213 141 0 0
213 1 0 0 0
0 214 961 8819 0
214 214 961 0 0
214 215 0 0 0
215 215 0 0 0
215 216 201 0 0
216 216 201 0 0
214 216 201 0 0
216 217 0 0 0
217 217 0 0 0
217 218 222 0 0
218 218 222 0 0
216 218 222 0 0
218 219 0 0 0
219 219 0 0 0
219 220 379 0 0
220 220 379 0 0
218 220 379 0 0
220 1 0 0 0
0 221 961 8819 0
221 221 961 0 0
221 222 0 0 0
222 222 0 0 0
222 223 201 0 0
223 223 201 0 0
221 223 201 0 0
223 224 0 0 0
224 224 0 0 0
224 225 272 0 0
225 225 272 0 0
223 225 272 0 0
225 226 0 0 0
226 226 0 0 0
226 227 141 0 0
227 227 141 0 0
225 227 141 0 0
227 1 0 0 0
0 228 961 8819 0
228 228 961 0 0
228 229 0 0 0
229 229 0 0 0
229 230 201 0 0
230 230 201 0 0
228 230 201 0 0
230 231 0 0 0
231 231 0 0 0
231 232 276 0 0
232 232 276 0 0
230 232 276 0 0
232 1 0 0 0
0 233 961 8819 0
233 233 961 0 0
233 234 0 0 0
234 234 0 0 0
234 235 212 0 0
235 235 212 0 0
233 235 212 0 0
235 236 0 0 0
236 236 0 0 0
236 237 141 0 0
237 237 141 0 0
235 237 141 0 0
237 1 0 0 0
0 238 964 8819 0
238 238 964 0 0
238 239 0 0 0
239 239 0 0 0
239 240 222 0 0
240 240 222 0 0
238 240 222 0 0
240 241 0 0 0
241 241 0 0 0
241 242 371 0 0
242 242 371 0 0
240 242 371 0 0
242 243 0 0 0
243 243 0 0 0
243 244 141 0 0
244 244 141 0 0
242 244 141 0 0
244 1 0 0 0
0 245 964 8819 0
245 245 964 0 0
245 246 0 0 0
246 246 0 0 0
246 247 222 0 0
247 247 222 0 0
245 247 222 0 0
247 248 0 0 0
248 248 0 0 0
248 249 379 0 0
249 249 379 0 0
247 249 379 0 0
249 1 0 0 0
0 250 964 8819 0
250 250 964 0 0
250 251 0 0 0
251 251 0 0 0
251 252 272 0 0
252 252 272 0 0
250 252 272 0 0
252 253 0 0 0
253 253 0 0 0
253 254 141 0 0
254 254 141 0 0
252 254 141 0 0
254 1 0 0 0
0 255 964 8819 0
255 255 964 0 0
255 256 0 0 0
256 256 0 0 0
256 257 276 0 0
257 257 276 0 0
255 257 276 0 0
257 1 0 0 0
0 258 965 8819 0
258 258 965 0 0
258 1 0 0 0
