0
4 12 13 16 18
0 1 597 26747 0
0 2 1761 26747 0
0 3 1824 26747 0
0 4 1825 26747 0
1 5 0 0 0
1 6 512 0 0
1 1 597 0 0
2 7 0 0 0
2 8 392 0 0
2 9 394 0 0
2 2 1761 0 0
3 10 0 0 0
3 11 132 0 0
3 12 133 0 0
3 3 1824 0 0
4 13 0 0 0
4 4 1825 0 0
5 5 0 0 0
5 6 512 0 0
6 7 0 0 0
6 6 512 0 0
6 8 392 0 0
6 9 394 0 0
7 7 0 0 0
7 8 392 0 0
7 9 394 0 0
8 10 0 0 0
8 8 392 0 0
8 11 132 0 0
8 12 133 0 0
9 14 0 0 0
9 9 394 0 0
9 15 19 0 0
9 16 97 0 0
10 10 0 0 0
10 11 132 0 0
10 12 133 0 0
11 14 0 0 0
11 11 132 0 0
11 15 19 0 0
11 16 97 0 0
12 13 0 0 0
12 12 133 0 0
14 14 0 0 0
14 15 19 0 0
14 16 97 0 0
15 17 0 0 0
15 15 19 0 0
15 18 591 0 0
16 13 0 0 0
16 16 97 0 0
17 17 0 0 0
17 18 591 0 0
18 13 0 0 0
18 18 591 0 0
18 18 0 0 0
