0
1 12 21 30 37 46 53 62 69 76 81 90 97 104 109 116 121 128 133 138 141 142
1 1 0 0 0
0 2 597 25081 0
2 2 597 0 0
2 3 0 0 0
3 3 0 0 0
3 4 490 0 0
4 4 490 0 0
2 4 490 0 0
4 5 0 0 0
5 5 0 0 0
5 6 512 0 0
6 6 512 0 0
4 6 512 0 0
6 7 0 0 0
7 7 0 0 0
7 8 222 0 0
8 8 222 0 0
6 8 222 0 0
8 9 0 0 0
9 9 0 0 0
9 10 332 0 0
10 10 332 0 0
8 10 332 0 0
10 11 0 0 0
11 11 0 0 0
11 12 332 0 0
12 12 332 0 0
12 1 0 0 0
0 13 597 25081 0
13 13 597 0 0
13 14 0 0 0
14 14 0 0 0
14 15 490 0 0
15 15 490 0 0
13 15 490 0 0
15 16 0 0 0
16 16 0 0 0
16 17 512 0 0
17 17 512 0 0
15 17 512 0 0
17 18 0 0 0
18 18 0 0 0
18 19 222 0 0
19 19 222 0 0
17 19 222 0 0
19 20 0 0 0
20 20 0 0 0
20 21 345 0 0
21 21 345 0 0
19 21 345 0 0
21 1 0 0 0
0 22 597 25081 0
22 22 597 0 0
22 23 0 0 0
23 23 0 0 0
23 24 490 0 0
24 24 490 0 0
22 24 490 0 0
24 25 0 0 0
25 25 0 0 0
25 26 512 0 0
26 26 512 0 0
24 26 512 0 0
26 27 0 0 0
27 27 0 0 0
27 28 264 0 0
28 28 264 0 0
26 28 264 0 0
28 29 0 0 0
29 29 0 0 0
29 30 332 0 0
30 30 332 0 0
28 30 332 0 0
30 1 0 0 0
0 31 597 25081 0
31 31 597 0 0
31 32 0 0 0
32 32 0 0 0
32 33 490 0 0
33 33 490 0 0
31 33 490 0 0
33 34 0 0 0
34 34 0 0 0
34 35 512 0 0
35 35 512 0 0
33 35 512 0 0
35 36 0 0 0
36 36 0 0 0
36 37 268 0 0
37 37 268 0 0
35 37 268 0 0
37 1 0 0 0
0 38 597 25081 0
38 38 597 0 0
38 39 0 0 0
39 39 0 0 0
39 40 490 0 0
40 40 490 0 0
38 40 490 0 0
40 41 0 0 0
41 41 0 0 0
41 42 520 0 0
42 42 520 0 0
40 42 520 0 0
42 43 0 0 0
43 43 0 0 0
43 44 332 0 0
44 44 332 0 0
42 44 332 0 0
44 45 0 0 0
45 45 0 0 0
45 46 332 0 0
46 46 332 0 0
46 1 0 0 0
0 47 597 25081 0
47 47 597 0 0
47 48 0 0 0
48 48 0 0 0
48 49 490 0 0
49 49 490 0 0
47 49 490 0 0
49 50 0 0 0
50 50 0 0 0
50 51 520 0 0
51 51 520 0 0
49 51 520 0 0
51 52 0 0 0
52 52 0 0 0
52 53 345 0 0
53 53 345 0 0
51 53 345 0 0
53 1 0 0 0
0 54 597 25081 0
54 54 597 0 0
54 55 0 0 0
55 55 0 0 0
55 56 506 0 0
56 56 506 0 0
54 56 506 0 0
56 57 0 0 0
57 57 0 0 0
57 58 222 0 0
58 58 222 0 0
56 58 222 0 0
58 59 0 0 0
59 59 0 0 0
59 60 332 0 0
60 60 332 0 0
58 60 332 0 0
60 61 0 0 0
61 61 0 0 0
61 62 332 0 0
62 62 332 0 0
62 1 0 0 0
0 63 597 25081 0
63 63 597 0 0
63 64 0 0 0
64 64 0 0 0
64 65 506 0 0
65 65 506 0 0
63 65 506 0 0
65 66 0 0 0
66 66 0 0 0
66 67 222 0 0
67 67 222 0 0
65 67 222 0 0
67 68 0 0 0
68 68 0 0 0
68 69 345 0 0
69 69 345 0 0
67 69 345 0 0
69 1 0 0 0
0 70 597 25081 0
70 70 597 0 0
70 71 0 0 0
71 71 0 0 0
71 72 506 0 0
72 72 506 0 0
70 72 506 0 0
72 73 0 0 0
73 73 0 0 0
73 74 264 0 0
74 74 264 0 0
72 74 264 0 0
74 75 0 0 0
75 75 0 0 0
75 76 332 0 0
76 76 332 0 0
74 76 332 0 0
76 1 0 0 0
0 77 597 25081 0
77 77 597 0 0
77 78 0 0 0
78 78 0 0 0
78 79 506 0 0
79 79 506 0 0
77 79 506 0 0
79 80 0 0 0
80 80 0 0 0
80 81 268 0 0
81 81 268 0 0
79 81 268 0 0
81 1 0 0 0
0 82 1609 25081 0
82 82 1609 0 0
82 83 0 0 0
83 83 0 0 0
83 84 512 0 0
84 84 512 0 0
82 84 512 0 0
84 85 0 0 0
85 85 0 0 0
85 86 222 0 0
86 86 222 0 0
84 86 222 0 0
86 87 0 0 0
87 87 0 0 0
87 88 332 0 0
88 88 332 0 0
86 88 332 0 0
88 89 0 0 0
89 89 0 0 0
89 90 332 0 0
90 90 332 0 0
90 1 0 0 0
0 91 1609 25081 0
91 91 1609 0 0
91 92 0 0 0
92 92 0 0 0
92 93 512 0 0
93 93 512 0 0
91 93 512 0 0
93 94 0 0 0
94 94 0 0 0
94 95 222 0 0
95 95 222 0 0
93 95 222 0 0
95 96 0 0 0
96 96 0 0 0
96 97 345 0 0
97 97 345 0 0
95 97 345 0 0
97 1 0 0 0
0 98 1609 25081 0
98 98 1609 0 0
98 99 0 0 0
99 99 0 0 0
99 100 512 0 0
100 100 512 0 0
98 100 512 0 0
100 101 0 0 0
101 101 0 0 0
101 102 264 0 0
102 102 264 0 0
100 102 264 0 0
102 103 0 0 0
103 103 0 0 0
103 104 332 0 0
104 104 332 0 0
102 104 332 0 0
104 1 0 0 0
0 105 1609 25081 0
105 105 1609 0 0
105 106 0 0 0
106 106 0 0 0
106 107 512 0 0
107 107 512 0 0
105 107 512 0 0
107 108 0 0 0
108 108 0 0 0
108 109 268 0 0
109 109 268 0 0
107 109 268 0 0
109 1 0 0 0
0 110 1609 25081 0
110 110 1609 0 0
110 111 0 0 0
111 111 0 0 0
111 112 520 0 0
112 112 520 0 0
110 112 520 0 0
112 113 0 0 0
113 113 0 0 0
113 114 332 0 0
114 114 332 0 0
112 114 332 0 0
114 115 0 0 0
115 115 0 0 0
115 116 332 0 0
116 116 332 0 0
116 1 0 0 0
0 117 1609 25081 0
117 117 1609 0 0
117 118 0 0 0
118 118 0 0 0
118 119 520 0 0
119 119 520 0 0
117 119 520 0 0
119 120 0 0 0
120 120 0 0 0
120 121 345 0 0
121 121 345 0 0
119 121 345 0 0
121 1 0 0 0
0 122 1717 25081 0
122 122 1717 0 0
122 123 0 0 0
123 123 0 0 0
123 124 222 0 0
124 124 222 0 0
122 124 222 0 0
124 125 0 0 0
125 125 0 0 0
125 126 332 0 0
126 126 332 0 0
124 126 332 0 0
126 127 0 0 0
127 127 0 0 0
127 128 332 0 0
128 128 332 0 0
128 1 0 0 0
0 129 1717 25081 0
129 129 1717 0 0
129 130 0 0 0
130 130 0 0 0
130 131 222 0 0
131 131 222 0 0
129 131 222 0 0
131 132 0 0 0
132 132 0 0 0
132 133 345 0 0
133 133 345 0 0
131 133 345 0 0
133 1 0 0 0
0 134 1717 25081 0
134 134 1717 0 0
134 135 0 0 0
135 135 0 0 0
135 136 264 0 0
136 136 264 0 0
134 136 264 0 0
136 137 0 0 0
137 137 0 0 0
137 138 332 0 0
138 138 332 0 0
136 138 332 0 0
138 1 0 0 0
0 139 1717 25081 0
139 139 1717 0 0
139 140 0 0 0
140 140 0 0 0
140 141 268 0 0
141 141 268 0 0
139 141 268 0 0
141 1 0 0 0
0 142 1727 25081 0
142 142 1727 0 0
142 1 0 0 0
