0
1 10 17 24 29 36 41 46 49 54 57 58
1 1 0 0 0
0 2 597 14145 0
2 2 597 0 0
2 3 0 0 0
3 3 0 0 0
3 4 322 0 0
4 4 322 0 0
2 4 322 0 0
4 5 0 0 0
5 5 0 0 0
5 6 530 0 0
6 6 530 0 0
4 6 530 0 0
6 7 0 0 0
7 7 0 0 0
7 8 490 0 0
8 8 490 0 0
6 8 490 0 0
8 9 0 0 0
9 9 0 0 0
9 10 512 0 0
10 10 512 0 0
8 10 512 0 0
10 1 0 0 0
0 11 597 14145 0
11 11 597 0 0
11 12 0 0 0
12 12 0 0 0
12 13 322 0 0
13 13 322 0 0
11 13 322 0 0
13 14 0 0 0
14 14 0 0 0
14 15 530 0 0
15 15 530 0 0
13 15 530 0 0
15 16 0 0 0
16 16 0 0 0
16 17 506 0 0
17 17 506 0 0
15 17 506 0 0
17 1 0 0 0
0 18 597 14145 0
18 18 597 0 0
18 19 0 0 0
19 19 0 0 0
19 20 322 0 0
20 20 322 0 0
18 20 322 0 0
20 21 0 0 0
21 21 0 0 0
21 22 557 0 0
22 22 557 0 0
20 22 557 0 0
22 23 0 0 0
23 23 0 0 0
23 24 512 0 0
24 24 512 0 0
22 24 512 0 0
24 1 0 0 0
0 25 597 14145 0
25 25 597 0 0
25 26 0 0 0
26 26 0 0 0
26 27 322 0 0
27 27 322 0 0
25 27 322 0 0
27 28 0 0 0
28 28 0 0 0
28 29 558 0 0
29 29 558 0 0
27 29 558 0 0
29 1 0 0 0
0 30 1226 14145 0
30 30 1226 0 0
30 31 0 0 0
31 31 0 0 0
31 32 530 0 0
32 32 530 0 0
30 32 530 0 0
32 33 0 0 0
33 33 0 0 0
33 34 490 0 0
34 34 490 0 0
32 34 490 0 0
34 35 0 0 0
35 35 0 0 0
35 36 512 0 0
36 36 512 0 0
34 36 512 0 0
36 1 0 0 0
0 37 1226 14145 0
37 37 1226 0 0
37 38 0 0 0
38 38 0 0 0
38 39 530 0 0
39 39 530 0 0
37 39 530 0 0
39 40 0 0 0
40 40 0 0 0
40 41 506 0 0
41 41 506 0 0
39 41 506 0 0
41 1 0 0 0
0 42 1226 14145 0
42 42 1226 0 0
42 43 0 0 0
43 43 0 0 0
43 44 557 0 0
44 44 557 0 0
42 44 557 0 0
44 45 0 0 0
45 45 0 0 0
45 46 512 0 0
46 46 512 0 0
44 46 512 0 0
46 1 0 0 0
0 47 1226 14145 0
47 47 1226 0 0
47 48 0 0 0
48 48 0 0 0
48 49 558 0 0
49 49 558 0 0
47 49 558 0 0
49 1 0 0 0
0 50 1230 14145 0
50 50 1230 0 0
50 51 0 0 0
51 51 0 0 0
51 52 490 0 0
52 52 490 0 0
50 52 490 0 0
52 53 0 0 0
53 53 0 0 0
53 54 512 0 0
54 54 512 0 0
52 54 512 0 0
54 1 0 0 0
0 55 1230 14145 0
55 55 1230 0 0
55 56 0 0 0
56 56 0 0 0
56 57 506 0 0
57 57 506 0 0
55 57 506 0 0
57 1 0 0 0
0 58 1233 14145 0
58 58 1233 0 0
58 1 0 0 0
