0
1 12 21 28 37 44 53 60 65 72 77 84 89 92 93
1 1 0 0 0
0 2 597 26747 0
2 2 597 0 0
2 3 0 0 0
3 3 0 0 0
3 4 512 0 0
4 4 512 0 0
2 4 512 0 0
4 5 0 0 0
5 5 0 0 0
5 6 392 0 0
6 6 392 0 0
4 6 392 0 0
6 7 0 0 0
7 7 0 0 0
7 8 132 0 0
8 8 132 0 0
6 8 132 0 0
8 9 0 0 0
9 9 0 0 0
9 10 19 0 0
10 10 19 0 0
8 10 19 0 0
10 11 0 0 0
11 11 0 0 0
11 12 591 0 0
12 12 591 0 0
10 12 591 0 0
12 1 0 0 0
0 13 597 26747 0
13 13 597 0 0
13 14 0 0 0
14 14 0 0 0
14 15 512 0 0
15 15 512 0 0
13 15 512 0 0
15 16 0 0 0
16 16 0 0 0
16 17 392 0 0
17 17 392 0 0
15 17 392 0 0
17 18 0 0 0
18 18 0 0 0
18 19 132 0 0
19 19 132 0 0
17 19 132 0 0
19 20 0 0 0
20 20 0 0 0
20 21 97 0 0
21 21 97 0 0
19 21 97 0 0
21 1 0 0 0
0 22 597 26747 0
22 22 597 0 0
22 23 0 0 0
23 23 0 0 0
23 24 512 0 0
24 24 512 0 0
22 24 512 0 0
24 25 0 0 0
25 25 0 0 0
25 26 392 0 0
26 26 392 0 0
24 26 392 0 0
26 27 0 0 0
27 27 0 0 0
27 28 133 0 0
28 28 133 0 0
26 28 133 0 0
28 1 0 0 0
0 29 597 26747 0
29 29 597 0 0
29 30 0 0 0
30 30 0 0 0
30 31 512 0 0
31 31 512 0 0
29 31 512 0 0
31 32 0 0 0
32 32 0 0 0
32 33 394 0 0
33 33 394 0 0
31 33 394 0 0
33 34 0 0 0
34 34 0 0 0
34 35 19 0 0
35 35 19 0 0
33 35 19 0 0
35 36 0 0 0
36 36 0 0 0
36 37 591 0 0
37 37 591 0 0
35 37 591 0 0
37 1 0 0 0
0 38 597 26747 0
38 38 597 0 0
38 39 0 0 0
39 39 0 0 0
39 40 512 0 0
40 40 512 0 0
38 40 512 0 0
40 41 0 0 0
41 41 0 0 0
41 42 394 0 0
42 42 394 0 0
40 42 394 0 0
42 43 0 0 0
43 43 0 0 0
43 44 97 0 0
44 44 97 0 0
42 44 97 0 0
44 1 0 0 0
0 45 1761 26747 0
45 45 1761 0 0
45 46 0 0 0
46 46 0 0 0
46 47 392 0 0
47 47 392 0 0
45 47 392 0 0
47 48 0 0 0
48 48 0 0 0
48 49 132 0 0
49 49 132 0 0
47 49 132 0 0
49 50 0 0 0
50 50 0 0 0
50 51 19 0 0
51 51 19 0 0
49 51 19 0 0
51 52 0 0 0
52 52 0 0 0
52 53 591 0 0
53 53 591 0 0
51 53 591 0 0
53 1 0 0 0
0 54 1761 26747 0
54 54 1761 0 0
54 55 0 0 0
55 55 0 0 0
55 56 392 0 0
56 56 392 0 0
54 56 392 0 0
56 57 0 0 0
57 57 0 0 0
57 58 132 0 0
58 58 132 0 0
56 58 132 0 0
58 59 0 0 0
59 59 0 0 0
59 60 97 0 0
60 60 97 0 0
58 60 97 0 0
60 1 0 0 0
0 61 1761 26747 0
61 61 1761 0 0
61 62 0 0 0
62 62 0 0 0
62 63 392 0 0
63 63 392 0 0
61 63 392 0 0
63 64 0 0 0
64 64 0 0 0
64 65 133 0 0
65 65 133 0 0
63 65 133 0 0
65 1 0 0 0
0 66 1761 26747 0
66 66 1761 0 0
66 67 0 0 0
67 67 0 0 0
67 68 394 0 0
68 68 394 0 0
66 68 394 0 0
68 69 0 0 0
69 69 0 0 0
69 70 19 0 0
70 70 19 0 0
68 70 19 0 0
70 71 0 0 0
71 71 0 0 0
71 72 591 0 0
72 72 591 0 0
70 72 591 0 0
72 1 0 0 0
0 73 1761 26747 0
73 73 1761 0 0
73 74 0 0 0
74 74 0 0 0
74 75 394 0 0
75 75 394 0 0
73 75 394 0 0
75 76 0 0 0
76 76 0 0 0
76 77 97 0 0
77 77 97 0 0
75 77 97 0 0
77 1 0 0 0
0 78 1824 26747 0
78 78 1824 0 0
78 79 0 0 0
79 79 0 0 0
79 80 132 0 0
80 80 132 0 0
78 80 132 0 0
80 81 0 0 0
81 81 0 0 0
81 82 19 0 0
82 82 19 0 0
80 82 19 0 0
82 83 0 0 0
83 83 0 0 0
83 84 591 0 0
84 84 591 0 0
82 84 591 0 0
84 1 0 0 0
0 85 1824 26747 0
85 85 1824 0 0
85 86 0 0 0
86 86 0 0 0
86 87 132 0 0
87 87 132 0 0
85 87 132 0 0
87 88 0 0 0
88 88 0 0 0
88 89 97 0 0
89 89 97 0 0
87 89 97 0 0
89 1 0 0 0
0 90 1824 26747 0
90 90 1824 0 0
90 91 0 0 0
91 91 0 0 0
91 92 133 0 0
92 92 133 0 0
90 92 133 0 0
92 1 0 0 0
0 93 1825 26747 0
93 93 1825 0 0
93 1 0 0 0
