0
283
0 0 0 0 0
1 2 597 1140 0
1 3 599 1140 0
1 4 644 1140 0
1 5 645 1140 0
2 6 0 0 0
2 7 19 0 0
2 8 47 0 0
2 9 50 0 0
2 2 597 0 0
3 10 0 0 0
3 11 371 0 0
3 12 374 0 0
3 3 599 0 0
4 13 0 0 0
4 14 132 0 0
4 4 644 0 0
5 15 0 0 0
5 5 645 0 0
6 6 0 0 0
6 7 19 0 0
6 8 47 0 0
6 9 50 0 0
7 10 0 0 0
7 7 19 0 0
7 11 371 0 0
7 12 374 0 0
8 13 0 0 0
8 8 47 0 0
8 14 132 0 0
9 15 0 0 0
9 9 50 0 0
10 10 0 0 0
10 11 371 0 0
10 12 374 0 0
11 13 0 0 0
11 11 371 0 0
11 14 132 0 0
12 15 0 0 0
12 12 374 0 0
13 13 0 0 0
13 14 132 0 0
14 15 0 0 0
14 14 132 0 0
0 1 -1 -1 0
16 16 0 0 0
5 16 -1 -1 0
9 16 -1 -1 0
12 16 -1 -1 0
14 16 -1 -1 0
15 16 -1 -1 0
17 18 597 26404 0
17 19 1761 26404 0
17 20 1792 26404 0
17 21 1797 26404 0
18 22 0 0 0
18 23 512 0 0
18 24 517 0 0
18 18 597 0 0
19 25 0 0 0
19 26 216 0 0
19 19 1761 0 0
20 27 0 0 0
20 28 141 0 0
20 20 1792 0 0
21 29 0 0 0
21 21 1797 0 0
22 22 0 0 0
22 23 512 0 0
22 24 517 0 0
23 25 0 0 0
23 23 512 0 0
23 26 216 0 0
24 27 0 0 0
24 24 517 0 0
24 28 141 0 0
25 25 0 0 0
25 26 216 0 0
26 27 0 0 0
26 26 216 0 0
26 28 141 0 0
27 27 0 0 0
27 28 141 0 0
28 29 0 0 0
28 28 141 0 0
16 17 -1 -1 0
30 30 0 0 0
21 30 -1 -1 0
28 30 -1 -1 0
29 30 -1 -1 0
31 32 597 8819 0
31 33 937 8819 0
31 34 961 8819 0
31 35 964 8819 0
31 36 965 8819 0
32 37 0 0 0
32 38 141 0 0
32 39 160 0 0
32 32 597 0 0
33 40 0 0 0
33 41 371 0 0
33 42 384 0 0
33 33 937 0 0
34 43 0 0 0
34 44 201 0 0
34 45 212 0 0
34 34 961 0 0
35 46 0 0 0
35 47 222 0 0
35 48 272 0 0
35 49 276 0 0
35 35 964 0 0
36 50 0 0 0
36 36 965 0 0
37 37 0 0 0
37 38 141 0 0
37 39 160 0 0
38 40 0 0 0
38 38 141 0 0
38 41 371 0 0
38 42 384 0 0
39 43 0 0 0
39 39 160 0 0
39 44 201 0 0
39 45 212 0 0
40 40 0 0 0
40 41 371 0 0
40 42 384 0 0
41 43 0 0 0
41 41 371 0 0
41 44 201 0 0
41 45 212 0 0
42 46 0 0 0
42 42 384 0 0
42 47 222 0 0
42 48 272 0 0
42 49 276 0 0
43 43 0 0 0
43 44 201 0 0
43 45 212 0 0
44 46 0 0 0
44 44 201 0 0
44 47 222 0 0
44 48 272 0 0
44 49 276 0 0
45 51 0 0 0
45 52 141 0 0
45 45 212 0 0
46 46 0 0 0
46 47 222 0 0
46 48 272 0 0
46 49 276 0 0
47 53 0 0 0
47 54 371 0 0
47 47 222 0 0
47 55 379 0 0
48 51 0 0 0
48 52 141 0 0
48 48 272 0 0
49 50 0 0 0
49 49 276 0 0
51 51 0 0 0
51 52 141 0 0
52 50 0 0 0
52 52 141 0 0
53 53 0 0 0
53 54 371 0 0
53 55 379 0 0
54 51 0 0 0
54 52 141 0 0
54 54 371 0 0
55 50 0 0 0
55 55 379 0 0
30 31 -1 -1 0
56 56 0 0 0
36 56 -1 -1 0
49 56 -1 -1 0
50 56 -1 -1 0
52 56 -1 -1 0
55 56 -1 -1 0
57 58 597 25081 0
57 59 1609 25081 0
57 60 1717 25081 0
57 61 1727 25081 0
58 62 0 0 0
58 63 490 0 0
58 64 506 0 0
58 58 597 0 0
59 65 0 0 0
59 66 512 0 0
59 67 520 0 0
59 59 1609 0 0
60 68 0 0 0
60 69 222 0 0
60 70 264 0 0
60 71 268 0 0
60 60 1717 0 0
61 72 0 0 0
61 61 1727 0 0
62 62 0 0 0
62 63 490 0 0
62 64 506 0 0
63 65 0 0 0
63 63 490 0 0
63 66 512 0 0
63 67 520 0 0
64 68 0 0 0
64 64 506 0 0
64 69 222 0 0
64 70 264 0 0
64 71 268 0 0
65 65 0 0 0
65 66 512 0 0
65 67 520 0 0
66 68 0 0 0
66 66 512 0 0
66 69 222 0 0
66 70 264 0 0
66 71 268 0 0
67 73 0 0 0
67 67 520 0 0
67 74 332 0 0
67 75 345 0 0
68 68 0 0 0
68 69 222 0 0
68 70 264 0 0
68 71 268 0 0
69 73 0 0 0
69 69 222 0 0
69 74 332 0 0
69 75 345 0 0
70 76 0 0 0
70 70 264 0 0
70 77 332 0 0
71 72 0 0 0
71 71 268 0 0
73 73 0 0 0
73 74 332 0 0
73 75 345 0 0
74 76 0 0 0
74 74 332 0 0
75 72 0 0 0
75 75 345 0 0
76 76 0 0 0
76 77 332 0 0
77 72 0 0 0
77 77 332 0 0
56 57 -1 -1 0
78 78 0 0 0
61 78 -1 -1 0
71 78 -1 -1 0
72 78 -1 -1 0
75 78 -1 -1 0
77 78 -1 -1 0
79 80 597 22473 0
79 81 1559 22473 0
79 82 1606 22473 0
79 83 1607 22473 0
80 84 0 0 0
80 85 460 0 0
80 86 487 0 0
80 80 597 0 0
81 87 0 0 0
81 88 530 0 0
81 89 545 0 0
81 81 1559 0 0
82 90 0 0 0
82 91 371 0 0
82 82 1606 0 0
83 92 0 0 0
83 93 490 0 0
83 83 1607 0 0
84 84 0 0 0
84 85 460 0 0
84 86 487 0 0
85 87 0 0 0
85 85 460 0 0
85 88 530 0 0
85 89 545 0 0
86 90 0 0 0
86 86 487 0 0
86 91 371 0 0
87 87 0 0 0
87 88 530 0 0
87 89 545 0 0
88 90 0 0 0
88 88 530 0 0
88 91 371 0 0
89 92 0 0 0
89 89 545 0 0
89 93 490 0 0
90 90 0 0 0
90 91 371 0 0
91 92 0 0 0
91 91 371 0 0
91 93 490 0 0
92 92 0 0 0
92 93 490 0 0
93 94 0 0 0
93 93 490 0 0
78 79 -1 -1 0
95 95 0 0 0
93 95 -1 -1 0
94 95 -1 -1 0
96 97 597 14145 0
96 98 1226 14145 0
96 99 1230 14145 0
96 100 1233 14145 0
97 101 0 0 0
97 102 322 0 0
97 97 597 0 0
98 103 0 0 0
98 104 530 0 0
98 105 557 0 0
98 106 558 0 0
98 98 1226 0 0
99 107 0 0 0
99 108 490 0 0
99 109 506 0 0
99 99 1230 0 0
100 110 0 0 0
100 100 1233 0 0
101 101 0 0 0
101 102 322 0 0
102 103 0 0 0
102 102 322 0 0
102 104 530 0 0
102 105 557 0 0
102 106 558 0 0
103 103 0 0 0
103 104 530 0 0
103 105 557 0 0
103 106 558 0 0
104 107 0 0 0
104 104 530 0 0
104 108 490 0 0
104 109 506 0 0
105 111 0 0 0
105 105 557 0 0
105 112 512 0 0
106 110 0 0 0
106 106 558 0 0
107 107 0 0 0
107 108 490 0 0
107 109 506 0 0
108 111 0 0 0
108 108 490 0 0
108 112 512 0 0
109 110 0 0 0
109 109 506 0 0
111 111 0 0 0
111 112 512 0 0
112 110 0 0 0
112 112 512 0 0
95 96 -1 -1 0
113 113 0 0 0
100 113 -1 -1 0
106 113 -1 -1 0
109 113 -1 -1 0
110 113 -1 -1 0
112 113 -1 -1 0
114 115 597 1608 0
114 116 599 1608 0
114 117 663 1608 0
115 118 0 0 0
115 119 19 0 0
115 120 68 0 0
115 115 597 0 0
116 121 0 0 0
116 122 490 0 0
116 116 599 0 0
117 123 0 0 0
117 117 663 0 0
118 118 0 0 0
118 119 19 0 0
118 120 68 0 0
119 121 0 0 0
119 119 19 0 0
119 122 490 0 0
120 123 0 0 0
120 120 68 0 0
121 121 0 0 0
121 122 490 0 0
122 123 0 0 0
122 122 490 0 0
113 114 -1 -1 0
124 124 0 0 0
117 124 -1 -1 0
120 124 -1 -1 0
122 124 -1 -1 0
123 124 -1 -1 0
125 126 597 25304 0
125 127 1609 25304 0
125 128 1717 25304 0
125 129 1732 25304 0
125 130 1737 25304 0
126 131 0 0 0
126 132 490 0 0
126 133 506 0 0
126 126 597 0 0
127 134 0 0 0
127 135 512 0 0
127 127 1609 0 0
128 136 0 0 0
128 137 460 0 0
128 138 482 0 0
128 139 483 0 0
128 128 1717 0 0
129 140 0 0 0
129 141 392 0 0
129 142 402 0 0
129 143 405 0 0
129 129 1732 0 0
130 144 0 0 0
130 130 1737 0 0
131 131 0 0 0
131 132 490 0 0
131 133 506 0 0
132 134 0 0 0
132 132 490 0 0
132 135 512 0 0
133 136 0 0 0
133 133 506 0 0
133 137 460 0 0
133 138 482 0 0
133 139 483 0 0
134 134 0 0 0
134 135 512 0 0
135 136 0 0 0
135 135 512 0 0
135 137 460 0 0
135 138 482 0 0
135 139 483 0 0
136 136 0 0 0
136 137 460 0 0
136 138 482 0 0
136 139 483 0 0
137 140 0 0 0
137 137 460 0 0
137 141 392 0 0
137 142 402 0 0
137 143 405 0 0
138 145 0 0 0
138 138 482 0 0
138 146 371 0 0
138 147 384 0 0
139 148 0 0 0
139 139 483 0 0
139 149 201 0 0
140 140 0 0 0
140 141 392 0 0
140 142 402 0 0
140 143 405 0 0
141 145 0 0 0
141 141 392 0 0
141 146 371 0 0
141 147 384 0 0
142 148 0 0 0
142 142 402 0 0
142 149 201 0 0
143 144 0 0 0
143 143 405 0 0
145 145 0 0 0
145 146 371 0 0
145 147 384 0 0
146 148 0 0 0
146 146 371 0 0
146 149 201 0 0
147 144 0 0 0
147 147 384 0 0
148 148 0 0 0
148 149 201 0 0
149 144 0 0 0
149 149 201 0 0
124 125 -1 -1 0
150 150 0 0 0
130 150 -1 -1 0
143 150 -1 -1 0
144 150 -1 -1 0
147 150 -1 -1 0
149 150 -1 -1 0
151 152 597 26747 0
151 153 1761 26747 0
151 154 1824 26747 0
151 155 1825 26747 0
152 156 0 0 0
152 157 512 0 0
152 152 597 0 0
153 158 0 0 0
153 159 392 0 0
153 160 394 0 0
153 153 1761 0 0
154 161 0 0 0
154 162 132 0 0
154 163 133 0 0
154 154 1824 0 0
155 164 0 0 0
155 155 1825 0 0
156 156 0 0 0
156 157 512 0 0
157 158 0 0 0
157 157 512 0 0
157 159 392 0 0
157 160 394 0 0
158 158 0 0 0
158 159 392 0 0
158 160 394 0 0
159 161 0 0 0
159 159 392 0 0
159 162 132 0 0
159 163 133 0 0
160 165 0 0 0
160 160 394 0 0
160 166 19 0 0
160 167 97 0 0
161 161 0 0 0
161 162 132 0 0
161 163 133 0 0
162 165 0 0 0
162 162 132 0 0
162 166 19 0 0
162 167 97 0 0
163 164 0 0 0
163 163 133 0 0
165 165 0 0 0
165 166 19 0 0
165 167 97 0 0
166 168 0 0 0
166 166 19 0 0
166 169 591 0 0
167 164 0 0 0
167 167 97 0 0
168 168 0 0 0
168 169 591 0 0
169 164 0 0 0
169 169 591 0 0
150 151 -1 -1 0
170 170 0 0 0
155 170 -1 -1 0
163 170 -1 -1 0
164 170 -1 -1 0
167 170 -1 -1 0
169 170 -1 -1 0
171 172 597 1608 0
171 173 599 1608 0
171 174 663 1608 0
172 175 0 0 0
172 176 19 0 0
172 177 68 0 0
172 172 597 0 0
173 178 0 0 0
173 179 490 0 0
173 173 599 0 0
174 180 0 0 0
174 174 663 0 0
175 175 0 0 0
175 176 19 0 0
175 177 68 0 0
176 178 0 0 0
176 176 19 0 0
176 179 490 0 0
177 180 0 0 0
177 177 68 0 0
178 178 0 0 0
178 179 490 0 0
179 180 0 0 0
179 179 490 0 0
170 171 -1 -1 0
181 181 0 0 0
174 181 -1 -1 0
177 181 -1 -1 0
179 181 -1 -1 0
180 181 -1 -1 0
182 183 597 13797 0
182 184 1184 13797 0
182 185 1224 13797 0
183 186 0 0 0
183 187 222 0 0
183 188 300 0 0
183 183 597 0 0
184 189 0 0 0
184 190 512 0 0
184 184 1184 0 0
185 191 0 0 0
185 185 1224 0 0
186 186 0 0 0
186 187 222 0 0
186 188 300 0 0
187 189 0 0 0
187 187 222 0 0
187 190 512 0 0
188 191 0 0 0
188 188 300 0 0
189 189 0 0 0
189 190 512 0 0
190 191 0 0 0
190 190 512 0 0
181 182 -1 -1 0
192 192 0 0 0
185 192 -1 -1 0
188 192 -1 -1 0
190 192 -1 -1 0
191 192 -1 -1 0
193 194 597 7410 0
193 195 874 7410 0
193 196 899 7410 0
193 197 900 7410 0
194 198 0 0 0
194 199 132 0 0
194 194 597 0 0
195 200 0 0 0
195 201 222 0 0
195 202 244 0 0
195 195 874 0 0
196 203 0 0 0
196 204 132 0 0
196 196 899 0 0
197 205 0 0 0
197 197 900 0 0
198 198 0 0 0
198 199 132 0 0
199 200 0 0 0
199 199 132 0 0
199 201 222 0 0
199 202 244 0 0
200 200 0 0 0
200 201 222 0 0
200 202 244 0 0
201 203 0 0 0
201 204 132 0 0
201 201 222 0 0
202 205 0 0 0
202 202 244 0 0
203 203 0 0 0
203 204 132 0 0
204 205 0 0 0
204 204 132 0 0
192 193 -1 -1 0
206 206 0 0 0
197 206 -1 -1 0
202 206 -1 -1 0
204 206 -1 -1 0
205 206 -1 -1 0
207 208 597 28884 0
207 209 1899 28884 0
207 210 1935 28884 0
207 211 1938 28884 0
207 212 1939 28884 0
208 213 0 0 0
208 214 580 0 0
208 215 585 0 0
208 208 597 0 0
209 216 0 0 0
209 217 216 0 0
209 209 1899 0 0
210 218 0 0 0
210 219 141 0 0
210 220 160 0 0
210 210 1935 0 0
211 221 0 0 0
211 222 371 0 0
211 211 1938 0 0
212 223 0 0 0
212 212 1939 0 0
213 213 0 0 0
213 214 580 0 0
213 215 585 0 0
214 216 0 0 0
214 214 580 0 0
214 217 216 0 0
215 218 0 0 0
215 215 585 0 0
215 219 141 0 0
215 220 160 0 0
216 216 0 0 0
216 217 216 0 0
217 218 0 0 0
217 217 216 0 0
217 219 141 0 0
217 220 160 0 0
218 218 0 0 0
218 219 141 0 0
218 220 160 0 0
219 221 0 0 0
219 219 141 0 0
219 222 371 0 0
220 223 0 0 0
220 220 160 0 0
221 221 0 0 0
221 222 371 0 0
222 223 0 0 0
222 222 371 0 0
206 207 -1 -1 0
224 224 0 0 0
212 224 -1 -1 0
220 224 -1 -1 0
222 224 -1 -1 0
223 224 -1 -1 0
225 226 597 13797 0
225 227 1184 13797 0
225 228 1224 13797 0
226 229 0 0 0
226 230 222 0 0
226 231 300 0 0
226 226 597 0 0
227 232 0 0 0
227 233 512 0 0
227 227 1184 0 0
228 234 0 0 0
228 228 1224 0 0
229 229 0 0 0
229 230 222 0 0
229 231 300 0 0
230 232 0 0 0
230 230 222 0 0
230 233 512 0 0
231 234 0 0 0
231 231 300 0 0
232 232 0 0 0
232 233 512 0 0
233 234 0 0 0
233 233 512 0 0
224 225 -1 -1 0
235 235 0 0 0
228 235 -1 -1 0
231 235 -1 -1 0
233 235 -1 -1 0
234 235 -1 -1 0
236 237 597 28618 0
236 238 1899 28618 0
236 239 1900 28618 0
236 240 1911 28618 0
237 241 0 0 0
237 242 580 0 0
237 237 597 0 0
238 243 0 0 0
238 244 19 0 0
238 245 68 0 0
238 238 1899 0 0
239 246 0 0 0
239 247 490 0 0
239 239 1900 0 0
240 248 0 0 0
240 240 1911 0 0
241 241 0 0 0
241 242 580 0 0
242 243 0 0 0
242 242 580 0 0
242 244 19 0 0
242 245 68 0 0
243 243 0 0 0
243 244 19 0 0
243 245 68 0 0
244 246 0 0 0
244 244 19 0 0
244 247 490 0 0
245 248 0 0 0
245 245 68 0 0
246 246 0 0 0
246 247 490 0 0
247 248 0 0 0
247 247 490 0 0
235 236 -1 -1 0
249 249 0 0 0
240 249 -1 -1 0
245 249 -1 -1 0
247 249 -1 -1 0
248 249 -1 -1 0
250 251 597 3245 0
250 252 674 3245 0
250 253 729 3245 0
251 254 0 0 0
251 255 100 0 0
251 251 597 0 0
252 256 0 0 0
252 257 460 0 0
252 258 461 0 0
252 252 674 0 0
253 259 0 0 0
253 260 19 0 0
253 261 47 0 0
253 262 50 0 0
253 253 729 0 0
254 254 0 0 0
254 255 100 0 0
255 256 0 0 0
255 255 100 0 0
255 257 460 0 0
255 258 461 0 0
256 256 0 0 0
256 257 460 0 0
256 258 461 0 0
257 259 0 0 0
257 257 460 0 0
257 260 19 0 0
257 261 47 0 0
257 262 50 0 0
258 263 0 0 0
258 258 461 0 0
258 264 371 0 0
258 265 374 0 0
259 259 0 0 0
259 260 19 0 0
259 261 47 0 0
259 262 50 0 0
260 263 0 0 0
260 260 19 0 0
260 264 371 0 0
260 265 374 0 0
261 266 0 0 0
261 261 47 0 0
261 267 132 0 0
262 268 0 0 0
262 262 50 0 0
263 263 0 0 0
263 264 371 0 0
263 265 374 0 0
264 266 0 0 0
264 264 371 0 0
264 267 132 0 0
265 268 0 0 0
265 265 374 0 0
266 266 0 0 0
266 267 132 0 0
267 268 0 0 0
267 267 132 0 0
249 250 -1 -1 0
269 269 0 0 0
262 269 -1 -1 0
265 269 -1 -1 0
267 269 -1 -1 0
268 269 -1 -1 0
270 271 597 17246 0
270 272 1378 17246 0
270 273 1381 17246 0
270 274 1394 17246 0
271 275 0 0 0
271 276 371 0 0
271 277 379 0 0
271 271 597 0 0
272 278 0 0 0
272 279 141 0 0
272 272 1378 0 0
273 280 0 0 0
273 281 580 0 0
273 273 1381 0 0
274 282 0 0 0
274 274 1394 0 0
275 275 0 0 0
275 276 371 0 0
275 277 379 0 0
276 278 0 0 0
276 276 371 0 0
276 279 141 0 0
277 280 0 0 0
277 277 379 0 0
277 281 580 0 0
278 278 0 0 0
278 279 141 0 0
279 280 0 0 0
279 279 141 0 0
279 281 580 0 0
280 280 0 0 0
280 281 580 0 0
281 282 0 0 0
281 281 580 0 0
269 270 -1 -1 0
283 283 0 0 0
274 283 -1 -1 0
281 283 -1 -1 0
282 283 -1 -1 0
