0 2 597 1140 0
2 2 597 0 0
2 3 0 0 0
3 3 0 0 0
3 4 19 0 0
4 4 19 0 0
2 4 19 0 0
4 5 0 0 0
5 5 0 0 0
5 6 371 0 0
6 6 371 0 0
4 6 371 0 0
6 7 0 0 0
7 7 0 0 0
7 8 132 0 0
8 8 132 0 0
6 8 132 0 0
0 9 597 1140 0
9 9 597 0 0
9 10 0 0 0
10 10 0 0 0
10 11 19 0 0
11 11 19 0 0
9 11 19 0 0
11 12 0 0 0
12 12 0 0 0
12 13 374 0 0
13 13 374 0 0
11 13 374 0 0
0 14 597 1140 0
14 14 597 0 0
14 15 0 0 0
15 15 0 0 0
15 16 47 0 0
16 16 47 0 0
14 16 47 0 0
16 17 0 0 0
17 17 0 0 0
17 18 132 0 0
18 18 132 0 0
16 18 132 0 0
0 19 597 1140 0
19 19 597 0 0
19 20 0 0 0
20 20 0 0 0
20 21 50 0 0
21 21 50 0 0
19 21 50 0 0
0 22 599 1140 0
22 22 599 0 0
22 23 0 0 0
23 23 0 0 0
23 24 371 0 0
24 24 371 0 0
22 24 371 0 0
24 25 0 0 0
25 25 0 0 0
25 26 132 0 0
26 26 132 0 0
24 26 132 0 0
0 27 599 1140 0
27 27 599 0 0
27 28 0 0 0
28 28 0 0 0
28 29 374 0 0
29 29 374 0 0
27 29 374 0 0
0 30 644 1140 0
30 30 644 0 0
30 31 0 0 0
31 31 0 0 0
31 32 132 0 0
32 32 132 0 0
30 32 132 0 0
0 33 645 1140 0
33 33 645 0 0
0
1
8
13
18
21
26
29
32
33
