0 2 597 11 0
2 2 597 0 0
2 3 0 0 0
3 3 0 0 0
3 4 4 0 0
4 4 4 0 0
2 4 4 0 0
4 5 0 0 0
5 5 0 0 0
5 6 19 0 0
6 6 19 0 0
4 6 19 0 0
6 7 0 0 0
7 7 0 0 0
7 8 530 0 0
8 8 530 0 0
6 8 530 0 0
8 9 0 0 0
9 9 0 0 0
9 10 490 0 0
10 10 490 0 0
8 10 490 0 0
10 11 0 0 0
11 11 0 0 0
11 12 141 0 0
12 12 141 0 0
10 12 141 0 0
0 13 597 11 0
13 13 597 0 0
13 14 0 0 0
14 14 0 0 0
14 15 4 0 0
15 15 4 0 0
13 15 4 0 0
15 16 0 0 0
16 16 0 0 0
16 17 19 0 0
17 17 19 0 0
15 17 19 0 0
17 18 0 0 0
18 18 0 0 0
18 19 530 0 0
19 19 530 0 0
17 19 530 0 0
19 20 0 0 0
20 20 0 0 0
20 21 493 0 0
21 21 493 0 0
19 21 493 0 0
0 22 597 11 0
22 22 597 0 0
22 23 0 0 0
23 23 0 0 0
23 24 4 0 0
24 24 4 0 0
22 24 4 0 0
24 25 0 0 0
25 25 0 0 0
25 26 19 0 0
26 26 19 0 0
24 26 19 0 0
26 27 0 0 0
27 27 0 0 0
27 28 557 0 0
28 28 557 0 0
26 28 557 0 0
28 29 0 0 0
29 29 0 0 0
29 30 141 0 0
30 30 141 0 0
28 30 141 0 0
0 31 597 11 0
31 31 597 0 0
31 32 0 0 0
32 32 0 0 0
32 33 4 0 0
33 33 4 0 0
31 33 4 0 0
33 34 0 0 0
34 34 0 0 0
34 35 92 0 0
35 35 92 0 0
33 35 92 0 0
35 36 0 0 0
36 36 0 0 0
36 37 490 0 0
37 37 490 0 0
35 37 490 0 0
37 38 0 0 0
38 38 0 0 0
38 39 141 0 0
39 39 141 0 0
37 39 141 0 0
0 40 597 11 0
40 40 597 0 0
40 41 0 0 0
41 41 0 0 0
41 42 4 0 0
42 42 4 0 0
40 42 4 0 0
42 43 0 0 0
43 43 0 0 0
43 44 92 0 0
44 44 92 0 0
42 44 92 0 0
44 45 0 0 0
45 45 0 0 0
45 46 493 0 0
46 46 493 0 0
44 46 493 0 0
0 47 597 11 0
47 47 597 0 0
47 48 0 0 0
48 48 0 0 0
48 49 4 0 0
49 49 4 0 0
47 49 4 0 0
49 50 0 0 0
50 50 0 0 0
50 51 94 0 0
51 51 94 0 0
49 51 94 0 0
0 52 598 11 0
52 52 598 0 0
52 53 0 0 0
53 53 0 0 0
53 54 19 0 0
54 54 19 0 0
52 54 19 0 0
54 55 0 0 0
55 55 0 0 0
55 56 530 0 0
56 56 530 0 0
54 56 530 0 0
56 57 0 0 0
57 57 0 0 0
57 58 490 0 0
58 58 490 0 0
56 58 490 0 0
58 59 0 0 0
59 59 0 0 0
59 60 141 0 0
60 60 141 0 0
58 60 141 0 0
0 61 598 11 0
61 61 598 0 0
61 62 0 0 0
62 62 0 0 0
62 63 19 0 0
63 63 19 0 0
61 63 19 0 0
63 64 0 0 0
64 64 0 0 0
64 65 530 0 0
65 65 530 0 0
63 65 530 0 0
65 66 0 0 0
66 66 0 0 0
66 67 493 0 0
67 67 493 0 0
65 67 493 0 0
0 68 598 11 0
68 68 598 0 0
68 69 0 0 0
69 69 0 0 0
69 70 19 0 0
70 70 19 0 0
68 70 19 0 0
70 71 0 0 0
71 71 0 0 0
71 72 557 0 0
72 72 557 0 0
70 72 557 0 0
72 73 0 0 0
73 73 0 0 0
73 74 141 0 0
74 74 141 0 0
72 74 141 0 0
0 75 598 11 0
75 75 598 0 0
75 76 0 0 0
76 76 0 0 0
76 77 92 0 0
77 77 92 0 0
75 77 92 0 0
77 78 0 0 0
78 78 0 0 0
78 79 490 0 0
79 79 490 0 0
77 79 490 0 0
79 80 0 0 0
80 80 0 0 0
80 81 141 0 0
81 81 141 0 0
79 81 141 0 0
0 82 598 11 0
82 82 598 0 0
82 83 0 0 0
83 83 0 0 0
83 84 92 0 0
84 84 92 0 0
82 84 92 0 0
84 85 0 0 0
85 85 0 0 0
85 86 493 0 0
86 86 493 0 0
84 86 493 0 0
0 87 598 11 0
87 87 598 0 0
87 88 0 0 0
88 88 0 0 0
88 89 94 0 0
89 89 94 0 0
87 89 94 0 0
0
1
12
21
30
39
46
51
60
67
74
81
86
89
