0 2 597 7 0
2 2 597 0 0
2 3 0 0 0
3 3 0 0 0
3 4 4 0 0
4 4 4 0 0
2 4 4 0 0
4 5 0 0 0
5 5 0 0 0
5 6 19 0 0
6 6 19 0 0
4 6 19 0 0
6 7 0 0 0
7 7 0 0 0
7 8 490 0 0
8 8 490 0 0
6 8 490 0 0
8 9 0 0 0
9 9 0 0 0
9 10 350 0 0
10 10 350 0 0
8 10 350 0 0
0 11 597 7 0
11 11 597 0 0
11 12 0 0 0
12 12 0 0 0
12 13 4 0 0
13 13 4 0 0
11 13 4 0 0
13 14 0 0 0
14 14 0 0 0
14 15 68 0 0
15 15 68 0 0
13 15 68 0 0
15 16 0 0 0
16 16 0 0 0
16 17 350 0 0
17 17 350 0 0
15 17 350 0 0
0 18 598 7 0
18 18 598 0 0
18 19 0 0 0
19 19 0 0 0
19 20 19 0 0
20 20 19 0 0
18 20 19 0 0
20 21 0 0 0
21 21 0 0 0
21 22 490 0 0
22 22 490 0 0
20 22 490 0 0
22 23 0 0 0
23 23 0 0 0
23 24 350 0 0
24 24 350 0 0
22 24 350 0 0
0 25 598 7 0
25 25 598 0 0
25 26 0 0 0
26 26 0 0 0
26 27 68 0 0
27 27 68 0 0
25 27 68 0 0
27 28 0 0 0
28 28 0 0 0
28 29 350 0 0
29 29 350 0 0
27 29 350 0 0
0
1
10
17
24
29
