0 2 597 9 0
2 2 597 0 0
2 3 0 0 0
3 3 0 0 0
3 4 4 0 0
4 4 4 0 0
2 4 4 0 0
4 5 0 0 0
5 5 0 0 0
5 6 19 0 0
6 6 19 0 0
4 6 19 0 0
6 7 0 0 0
7 7 0 0 0
7 8 512 0 0
8 8 512 0 0
6 8 512 0 0
8 9 0 0 0
9 9 0 0 0
9 10 3 0 0
10 10 3 0 0
8 10 3 0 0
10 11 0 0 0
11 11 0 0 0
11 12 490 0 0
12 12 490 0 0
10 12 490 0 0
0 13 597 9 0
13 13 597 0 0
13 14 0 0 0
14 14 0 0 0
14 15 4 0 0
15 15 4 0 0
13 15 4 0 0
15 16 0 0 0
16 16 0 0 0
16 17 75 0 0
17 17 75 0 0
15 17 75 0 0
17 18 0 0 0
18 18 0 0 0
18 19 3 0 0
19 19 3 0 0
17 19 3 0 0
19 20 0 0 0
20 20 0 0 0
20 21 490 0 0
21 21 490 0 0
19 21 490 0 0
0 22 598 9 0
22 22 598 0 0
22 23 0 0 0
23 23 0 0 0
23 24 19 0 0
24 24 19 0 0
22 24 19 0 0
24 25 0 0 0
25 25 0 0 0
25 26 512 0 0
26 26 512 0 0
24 26 512 0 0
26 27 0 0 0
27 27 0 0 0
27 28 3 0 0
28 28 3 0 0
26 28 3 0 0
28 29 0 0 0
29 29 0 0 0
29 30 490 0 0
30 30 490 0 0
28 30 490 0 0
0 31 598 9 0
31 31 598 0 0
31 32 0 0 0
32 32 0 0 0
32 33 75 0 0
33 33 75 0 0
31 33 75 0 0
33 34 0 0 0
34 34 0 0 0
34 35 3 0 0
35 35 3 0 0
33 35 3 0 0
35 36 0 0 0
36 36 0 0 0
36 37 490 0 0
37 37 490 0 0
35 37 490 0 0
0
1
12
21
30
37
