0
4 10 13 15
0 1 597 14145
0 2 1226 14145
0 3 1230 14145
0 4 1233 14145
1 5 0 0
1 6 322 0
1 1 597 0
2 7 0 0
2 8 530 0
2 9 557 0
2 10 558 0
2 2 1226 0
3 11 0 0
3 12 490 0
3 13 506 0
3 3 1230 0
4 4 1233 0
5 5 0 0
5 6 322 0
6 7 0 0
6 6 322 0
6 8 530 0
6 9 557 0
6 10 558 0
7 7 0 0
7 8 530 0
7 9 557 0
7 10 558 0
8 11 0 0
8 8 530 0
8 12 490 0
8 13 506 0
9 14 0 0
9 9 557 0
9 15 512 0
10 10 558 0
11 11 0 0
11 12 490 0
11 13 506 0
12 14 0 0
12 12 490 0
12 15 512 0
13 13 506 0
14 14 0 0
14 15 512 0
15 15 512 0
