0
5 18 21 23
0 1 597 25304
0 2 1609 25304
0 3 1717 25304
0 4 1732 25304
0 5 1737 25304
1 6 0 0
1 7 490 0
1 8 506 0
1 1 597 0
2 9 0 0
2 10 512 0
2 2 1609 0
3 11 0 0
3 12 460 0
3 13 482 0
3 14 483 0
3 3 1717 0
4 15 0 0
4 16 392 0
4 17 402 0
4 18 405 0
4 4 1732 0
5 5 1737 0
6 6 0 0
6 7 490 0
6 8 506 0
7 9 0 0
7 7 490 0
7 10 512 0
8 11 0 0
8 8 506 0
8 12 460 0
8 13 482 0
8 14 483 0
9 9 0 0
9 10 512 0
10 11 0 0
10 10 512 0
10 12 460 0
10 13 482 0
10 14 483 0
11 11 0 0
11 12 460 0
11 13 482 0
11 14 483 0
12 15 0 0
12 12 460 0
12 16 392 0
12 17 402 0
12 18 405 0
13 19 0 0
13 13 482 0
13 20 371 0
13 21 384 0
14 22 0 0
14 14 483 0
14 23 201 0
15 15 0 0
15 16 392 0
15 17 402 0
15 18 405 0
16 19 0 0
16 16 392 0
16 20 371 0
16 21 384 0
17 22 0 0
17 17 402 0
17 23 201 0
18 18 405 0
19 19 0 0
19 20 371 0
19 21 384 0
20 22 0 0
20 20 371 0
20 23 201 0
21 21 384 0
22 22 0 0
22 23 201 0
23 23 201 0
