0
1 10 17 24 29 36 41 46 49
0 2 597 10 0
2 2 597 0 0
2 3 0 0 0
3 3 0 0 0
3 4 4 0 0
4 4 4 0 0
2 4 4 0 0
4 5 0 0 0
5 5 0 0 0
5 6 19 0 0
6 6 19 0 0
4 6 19 0 0
6 7 0 0 0
7 7 0 0 0
7 8 512 0 0
8 8 512 0 0
6 8 512 0 0
8 9 0 0 0
9 9 0 0 0
9 10 141 0 0
10 10 141 0 0
8 10 141 0 0
0 11 597 10 0
11 11 597 0 0
11 12 0 0 0
12 12 0 0 0
12 13 4 0 0
13 13 4 0 0
11 13 4 0 0
13 14 0 0 0
14 14 0 0 0
14 15 19 0 0
15 15 19 0 0
13 15 19 0 0
15 16 0 0 0
16 16 0 0 0
16 17 513 0 0
17 17 513 0 0
15 17 513 0 0
0 18 597 10 0
18 18 597 0 0
18 19 0 0 0
19 19 0 0 0
19 20 4 0 0
20 20 4 0 0
18 20 4 0 0
20 21 0 0 0
21 21 0 0 0
21 22 75 0 0
22 22 75 0 0
20 22 75 0 0
22 23 0 0 0
23 23 0 0 0
23 24 141 0 0
24 24 141 0 0
22 24 141 0 0
0 25 597 10 0
25 25 597 0 0
25 26 0 0 0
26 26 0 0 0
26 27 4 0 0
27 27 4 0 0
25 27 4 0 0
27 28 0 0 0
28 28 0 0 0
28 29 76 0 0
29 29 76 0 0
27 29 76 0 0
0 30 598 10 0
30 30 598 0 0
30 31 0 0 0
31 31 0 0 0
31 32 19 0 0
32 32 19 0 0
30 32 19 0 0
32 33 0 0 0
33 33 0 0 0
33 34 512 0 0
34 34 512 0 0
32 34 512 0 0
34 35 0 0 0
35 35 0 0 0
35 36 141 0 0
36 36 141 0 0
34 36 141 0 0
0 37 598 10 0
37 37 598 0 0
37 38 0 0 0
38 38 0 0 0
38 39 19 0 0
39 39 19 0 0
37 39 19 0 0
39 40 0 0 0
40 40 0 0 0
40 41 513 0 0
41 41 513 0 0
39 41 513 0 0
0 42 598 10 0
42 42 598 0 0
42 43 0 0 0
43 43 0 0 0
43 44 75 0 0
44 44 75 0 0
42 44 75 0 0
44 45 0 0 0
45 45 0 0 0
45 46 141 0 0
46 46 141 0 0
44 46 141 0 0
0 47 598 10 0
47 47 598 0 0
47 48 0 0 0
48 48 0 0 0
48 49 76 0 0
49 49 76 0 0
47 49 76 0 0
