0
1 8 13 18 21 22
0 2 597 17246 0
2 2 597 0 0
2 3 0 0 0
3 3 0 0 0
3 4 371 0 0
4 4 371 0 0
2 4 371 0 0
4 5 0 0 0
5 5 0 0 0
5 6 141 0 0
6 6 141 0 0
4 6 141 0 0
6 7 0 0 0
7 7 0 0 0
7 8 580 0 0
8 8 580 0 0
6 8 580 0 0
0 9 597 17246 0
9 9 597 0 0
9 10 0 0 0
10 10 0 0 0
10 11 379 0 0
11 11 379 0 0
9 11 379 0 0
11 12 0 0 0
12 12 0 0 0
12 13 580 0 0
13 13 580 0 0
11 13 580 0 0
0 14 1378 17246 0
14 14 1378 0 0
14 15 0 0 0
15 15 0 0 0
15 16 141 0 0
16 16 141 0 0
14 16 141 0 0
16 17 0 0 0
17 17 0 0 0
17 18 580 0 0
18 18 580 0 0
16 18 580 0 0
0 19 1381 17246 0
19 19 1381 0 0
19 20 0 0 0
20 20 0 0 0
20 21 580 0 0
21 21 580 0 0
19 21 580 0 0
0 22 1394 17246 0
22 22 1394 0 0
