0
1 12 21 28 37 44 49 58 65 70 77 82 85
0 2 597 3 0
2 2 597 0 0
2 3 0 0 0
3 3 0 0 0
3 4 4 0 0
4 4 4 0 0
2 4 4 0 0
4 5 0 0 0
5 5 0 0 0
5 6 19 0 0
6 6 19 0 0
4 6 19 0 0
6 7 0 0 0
7 7 0 0 0
7 8 100 0 0
8 8 100 0 0
6 8 100 0 0
8 9 0 0 0
9 9 0 0 0
9 10 332 0 0
10 10 332 0 0
8 10 332 0 0
10 11 0 0 0
11 11 0 0 0
11 12 141 0 0
12 12 141 0 0
10 12 141 0 0
0 13 597 3 0
13 13 597 0 0
13 14 0 0 0
14 14 0 0 0
14 15 4 0 0
15 15 4 0 0
13 15 4 0 0
15 16 0 0 0
16 16 0 0 0
16 17 19 0 0
17 17 19 0 0
15 17 19 0 0
17 18 0 0 0
18 18 0 0 0
18 19 100 0 0
19 19 100 0 0
17 19 100 0 0
19 20 0 0 0
20 20 0 0 0
20 21 336 0 0
21 21 336 0 0
19 21 336 0 0
0 22 597 3 0
22 22 597 0 0
22 23 0 0 0
23 23 0 0 0
23 24 4 0 0
24 24 4 0 0
22 24 4 0 0
24 25 0 0 0
25 25 0 0 0
25 26 19 0 0
26 26 19 0 0
24 26 19 0 0
26 27 0 0 0
27 27 0 0 0
27 28 104 0 0
28 28 104 0 0
26 28 104 0 0
0 29 597 3 0
29 29 597 0 0
29 30 0 0 0
30 30 0 0 0
30 31 4 0 0
31 31 4 0 0
29 31 4 0 0
31 32 0 0 0
32 32 0 0 0
32 33 20 0 0
33 33 20 0 0
31 33 20 0 0
33 34 0 0 0
34 34 0 0 0
34 35 332 0 0
35 35 332 0 0
33 35 332 0 0
35 36 0 0 0
36 36 0 0 0
36 37 141 0 0
37 37 141 0 0
35 37 141 0 0
0 38 597 3 0
38 38 597 0 0
38 39 0 0 0
39 39 0 0 0
39 40 4 0 0
40 40 4 0 0
38 40 4 0 0
40 41 0 0 0
41 41 0 0 0
41 42 20 0 0
42 42 20 0 0
40 42 20 0 0
42 43 0 0 0
43 43 0 0 0
43 44 336 0 0
44 44 336 0 0
42 44 336 0 0
0 45 597 3 0
45 45 597 0 0
45 46 0 0 0
46 46 0 0 0
46 47 4 0 0
47 47 4 0 0
45 47 4 0 0
47 48 0 0 0
48 48 0 0 0
48 49 21 0 0
49 49 21 0 0
47 49 21 0 0
0 50 598 3 0
50 50 598 0 0
50 51 0 0 0
51 51 0 0 0
51 52 19 0 0
52 52 19 0 0
50 52 19 0 0
52 53 0 0 0
53 53 0 0 0
53 54 100 0 0
54 54 100 0 0
52 54 100 0 0
54 55 0 0 0
55 55 0 0 0
55 56 332 0 0
56 56 332 0 0
54 56 332 0 0
56 57 0 0 0
57 57 0 0 0
57 58 141 0 0
58 58 141 0 0
56 58 141 0 0
0 59 598 3 0
59 59 598 0 0
59 60 0 0 0
60 60 0 0 0
60 61 19 0 0
61 61 19 0 0
59 61 19 0 0
61 62 0 0 0
62 62 0 0 0
62 63 100 0 0
63 63 100 0 0
61 63 100 0 0
63 64 0 0 0
64 64 0 0 0
64 65 336 0 0
65 65 336 0 0
63 65 336 0 0
0 66 598 3 0
66 66 598 0 0
66 67 0 0 0
67 67 0 0 0
67 68 19 0 0
68 68 19 0 0
66 68 19 0 0
68 69 0 0 0
69 69 0 0 0
69 70 104 0 0
70 70 104 0 0
68 70 104 0 0
0 71 598 3 0
71 71 598 0 0
71 72 0 0 0
72 72 0 0 0
72 73 20 0 0
73 73 20 0 0
71 73 20 0 0
73 74 0 0 0
74 74 0 0 0
74 75 332 0 0
75 75 332 0 0
73 75 332 0 0
75 76 0 0 0
76 76 0 0 0
76 77 141 0 0
77 77 141 0 0
75 77 141 0 0
0 78 598 3 0
78 78 598 0 0
78 79 0 0 0
79 79 0 0 0
79 80 20 0 0
80 80 20 0 0
78 80 20 0 0
80 81 0 0 0
81 81 0 0 0
81 82 336 0 0
82 82 336 0 0
80 82 336 0 0
0 83 598 3 0
83 83 598 0 0
83 84 0 0 0
84 84 0 0 0
84 85 21 0 0
85 85 21 0 0
83 85 21 0 0
