0
1 10 17 24 31 36 41 44
0 2 597 22473 0
2 2 597 0 0
2 3 0 0 0
3 3 0 0 0
3 4 460 0 0
4 4 460 0 0
2 4 460 0 0
4 5 0 0 0
5 5 0 0 0
5 6 530 0 0
6 6 530 0 0
4 6 530 0 0
6 7 0 0 0
7 7 0 0 0
7 8 371 0 0
8 8 371 0 0
6 8 371 0 0
8 9 0 0 0
9 9 0 0 0
9 10 490 0 0
10 10 490 0 0
8 10 490 0 0
0 11 597 22473 0
11 11 597 0 0
11 12 0 0 0
12 12 0 0 0
12 13 460 0 0
13 13 460 0 0
11 13 460 0 0
13 14 0 0 0
14 14 0 0 0
14 15 545 0 0
15 15 545 0 0
13 15 545 0 0
15 16 0 0 0
16 16 0 0 0
16 17 490 0 0
17 17 490 0 0
15 17 490 0 0
0 18 597 22473 0
18 18 597 0 0
18 19 0 0 0
19 19 0 0 0
19 20 487 0 0
20 20 487 0 0
18 20 487 0 0
20 21 0 0 0
21 21 0 0 0
21 22 371 0 0
22 22 371 0 0
20 22 371 0 0
22 23 0 0 0
23 23 0 0 0
23 24 490 0 0
24 24 490 0 0
22 24 490 0 0
0 25 1559 22473 0
25 25 1559 0 0
25 26 0 0 0
26 26 0 0 0
26 27 530 0 0
27 27 530 0 0
25 27 530 0 0
27 28 0 0 0
28 28 0 0 0
28 29 371 0 0
29 29 371 0 0
27 29 371 0 0
29 30 0 0 0
30 30 0 0 0
30 31 490 0 0
31 31 490 0 0
29 31 490 0 0
0 32 1559 22473 0
32 32 1559 0 0
32 33 0 0 0
33 33 0 0 0
33 34 545 0 0
34 34 545 0 0
32 34 545 0 0
34 35 0 0 0
35 35 0 0 0
35 36 490 0 0
36 36 490 0 0
34 36 490 0 0
0 37 1606 22473 0
37 37 1606 0 0
37 38 0 0 0
38 38 0 0 0
38 39 371 0 0
39 39 371 0 0
37 39 371 0 0
39 40 0 0 0
40 40 0 0 0
40 41 490 0 0
41 41 490 0 0
39 41 490 0 0
0 42 1607 22473 0
42 42 1607 0 0
42 43 0 0 0
43 43 0 0 0
43 44 490 0 0
44 44 490 0 0
42 44 490 0 0
