0
1 16 29 42 53 66 77 86 99 110 121 130 143 154 165 174 185 194 201 214 225 236 245 256 265 272 283 292 301 308 319 328 337 344 353 360 365
0 2 597 5 0
2 2 597 0 0
2 3 0 0 0
3 3 0 0 0
3 4 4 0 0
4 4 4 0 0
2 4 4 0 0
4 5 0 0 0
5 5 0 0 0
5 6 19 0 0
6 6 19 0 0
4 6 19 0 0
6 7 0 0 0
7 7 0 0 0
7 8 460 0 0
8 8 460 0 0
6 8 460 0 0
8 9 0 0 0
9 9 0 0 0
9 10 222 0 0
10 10 222 0 0
8 10 222 0 0
10 11 0 0 0
11 11 0 0 0
11 12 392 0 0
12 12 392 0 0
10 12 392 0 0
12 13 0 0 0
13 13 0 0 0
13 14 530 0 0
14 14 530 0 0
12 14 530 0 0
14 15 0 0 0
15 15 0 0 0
15 16 490 0 0
16 16 490 0 0
14 16 490 0 0
0 17 597 5 0
17 17 597 0 0
17 18 0 0 0
18 18 0 0 0
18 19 4 0 0
19 19 4 0 0
17 19 4 0 0
19 20 0 0 0
20 20 0 0 0
20 21 19 0 0
21 21 19 0 0
19 21 19 0 0
21 22 0 0 0
22 22 0 0 0
22 23 460 0 0
23 23 460 0 0
21 23 460 0 0
23 24 0 0 0
24 24 0 0 0
24 25 222 0 0
25 25 222 0 0
23 25 222 0 0
25 26 0 0 0
26 26 0 0 0
26 27 392 0 0
27 27 392 0 0
25 27 392 0 0
27 28 0 0 0
28 28 0 0 0
28 29 557 0 0
29 29 557 0 0
27 29 557 0 0
0 30 597 5 0
30 30 597 0 0
30 31 0 0 0
31 31 0 0 0
31 32 4 0 0
32 32 4 0 0
30 32 4 0 0
32 33 0 0 0
33 33 0 0 0
33 34 19 0 0
34 34 19 0 0
32 34 19 0 0
34 35 0 0 0
35 35 0 0 0
35 36 460 0 0
36 36 460 0 0
34 36 460 0 0
36 37 0 0 0
37 37 0 0 0
37 38 222 0 0
38 38 222 0 0
36 38 222 0 0
38 39 0 0 0
39 39 0 0 0
39 40 426 0 0
40 40 426 0 0
38 40 426 0 0
40 41 0 0 0
41 41 0 0 0
41 42 490 0 0
42 42 490 0 0
40 42 490 0 0
0 43 597 5 0
43 43 597 0 0
43 44 0 0 0
44 44 0 0 0
44 45 4 0 0
45 45 4 0 0
43 45 4 0 0
45 46 0 0 0
46 46 0 0 0
46 47 19 0 0
47 47 19 0 0
45 47 19 0 0
47 48 0 0 0
48 48 0 0 0
48 49 460 0 0
49 49 460 0 0
47 49 460 0 0
49 50 0 0 0
50 50 0 0 0
50 51 222 0 0
51 51 222 0 0
49 51 222 0 0
51 52 0 0 0
52 52 0 0 0
52 53 434 0 0
53 53 434 0 0
51 53 434 0 0
0 54 597 5 0
54 54 597 0 0
54 55 0 0 0
55 55 0 0 0
55 56 4 0 0
56 56 4 0 0
54 56 4 0 0
56 57 0 0 0
57 57 0 0 0
57 58 19 0 0
58 58 19 0 0
56 58 19 0 0
58 59 0 0 0
59 59 0 0 0
59 60 460 0 0
60 60 460 0 0
58 60 460 0 0
60 61 0 0 0
61 61 0 0 0
61 62 284 0 0
62 62 284 0 0
60 62 284 0 0
62 63 0 0 0
63 63 0 0 0
63 64 530 0 0
64 64 530 0 0
62 64 530 0 0
64 65 0 0 0
65 65 0 0 0
65 66 490 0 0
66 66 490 0 0
64 66 490 0 0
0 67 597 5 0
67 67 597 0 0
67 68 0 0 0
68 68 0 0 0
68 69 4 0 0
69 69 4 0 0
67 69 4 0 0
69 70 0 0 0
70 70 0 0 0
70 71 19 0 0
71 71 19 0 0
69 71 19 0 0
71 72 0 0 0
72 72 0 0 0
72 73 460 0 0
73 73 460 0 0
71 73 460 0 0
73 74 0 0 0
74 74 0 0 0
74 75 284 0 0
75 75 284 0 0
73 75 284 0 0
75 76 0 0 0
76 76 0 0 0
76 77 557 0 0
77 77 557 0 0
75 77 557 0 0
0 78 597 5 0
78 78 597 0 0
78 79 0 0 0
79 79 0 0 0
79 80 4 0 0
80 80 4 0 0
78 80 4 0 0
80 81 0 0 0
81 81 0 0 0
81 82 19 0 0
82 82 19 0 0
80 82 19 0 0
82 83 0 0 0
83 83 0 0 0
83 84 460 0 0
84 84 460 0 0
82 84 460 0 0
84 85 0 0 0
85 85 0 0 0
85 86 289 0 0
86 86 289 0 0
84 86 289 0 0
0 87 597 5 0
87 87 597 0 0
87 88 0 0 0
88 88 0 0 0
88 89 4 0 0
89 89 4 0 0
87 89 4 0 0
89 90 0 0 0
90 90 0 0 0
90 91 19 0 0
91 91 19 0 0
89 91 19 0 0
91 92 0 0 0
92 92 0 0 0
92 93 475 0 0
93 93 475 0 0
91 93 475 0 0
93 94 0 0 0
94 94 0 0 0
94 95 392 0 0
95 95 392 0 0
93 95 392 0 0
95 96 0 0 0
96 96 0 0 0
96 97 530 0 0
97 97 530 0 0
95 97 530 0 0
97 98 0 0 0
98 98 0 0 0
98 99 490 0 0
99 99 490 0 0
97 99 490 0 0
0 100 597 5 0
100 100 597 0 0
100 101 0 0 0
101 101 0 0 0
101 102 4 0 0
102 102 4 0 0
100 102 4 0 0
102 103 0 0 0
103 103 0 0 0
103 104 19 0 0
104 104 19 0 0
102 104 19 0 0
104 105 0 0 0
105 105 0 0 0
105 106 475 0 0
106 106 475 0 0
104 106 475 0 0
106 107 0 0 0
107 107 0 0 0
107 108 392 0 0
108 108 392 0 0
106 108 392 0 0
108 109 0 0 0
109 109 0 0 0
109 110 557 0 0
110 110 557 0 0
108 110 557 0 0
0 111 597 5 0
111 111 597 0 0
111 112 0 0 0
112 112 0 0 0
112 113 4 0 0
113 113 4 0 0
111 113 4 0 0
113 114 0 0 0
114 114 0 0 0
114 115 19 0 0
115 115 19 0 0
113 115 19 0 0
115 116 0 0 0
116 116 0 0 0
116 117 475 0 0
117 117 475 0 0
115 117 475 0 0
117 118 0 0 0
118 118 0 0 0
118 119 426 0 0
119 119 426 0 0
117 119 426 0 0
119 120 0 0 0
120 120 0 0 0
120 121 490 0 0
121 121 490 0 0
119 121 490 0 0
0 122 597 5 0
122 122 597 0 0
122 123 0 0 0
123 123 0 0 0
123 124 4 0 0
124 124 4 0 0
122 124 4 0 0
124 125 0 0 0
125 125 0 0 0
125 126 19 0 0
126 126 19 0 0
124 126 19 0 0
126 127 0 0 0
127 127 0 0 0
127 128 475 0 0
128 128 475 0 0
126 128 475 0 0
128 129 0 0 0
129 129 0 0 0
129 130 434 0 0
130 130 434 0 0
128 130 434 0 0
0 131 597 5 0
131 131 597 0 0
131 132 0 0 0
132 132 0 0 0
132 133 4 0 0
133 133 4 0 0
131 133 4 0 0
133 134 0 0 0
134 134 0 0 0
134 135 59 0 0
135 135 59 0 0
133 135 59 0 0
135 136 0 0 0
136 136 0 0 0
136 137 222 0 0
137 137 222 0 0
135 137 222 0 0
137 138 0 0 0
138 138 0 0 0
138 139 392 0 0
139 139 392 0 0
137 139 392 0 0
139 140 0 0 0
140 140 0 0 0
140 141 530 0 0
141 141 530 0 0
139 141 530 0 0
141 142 0 0 0
142 142 0 0 0
142 143 490 0 0
143 143 490 0 0
141 143 490 0 0
0 144 597 5 0
144 144 597 0 0
144 145 0 0 0
145 145 0 0 0
145 146 4 0 0
146 146 4 0 0
144 146 4 0 0
146 147 0 0 0
147 147 0 0 0
147 148 59 0 0
148 148 59 0 0
146 148 59 0 0
148 149 0 0 0
149 149 0 0 0
149 150 222 0 0
150 150 222 0 0
148 150 222 0 0
150 151 0 0 0
151 151 0 0 0
151 152 392 0 0
152 152 392 0 0
150 152 392 0 0
152 153 0 0 0
153 153 0 0 0
153 154 557 0 0
154 154 557 0 0
152 154 557 0 0
0 155 597 5 0
155 155 597 0 0
155 156 0 0 0
156 156 0 0 0
156 157 4 0 0
157 157 4 0 0
155 157 4 0 0
157 158 0 0 0
158 158 0 0 0
158 159 59 0 0
159 159 59 0 0
157 159 59 0 0
159 160 0 0 0
160 160 0 0 0
160 161 222 0 0
161 161 222 0 0
159 161 222 0 0
161 162 0 0 0
162 162 0 0 0
162 163 426 0 0
163 163 426 0 0
161 163 426 0 0
163 164 0 0 0
164 164 0 0 0
164 165 490 0 0
165 165 490 0 0
163 165 490 0 0
0 166 597 5 0
166 166 597 0 0
166 167 0 0 0
167 167 0 0 0
167 168 4 0 0
168 168 4 0 0
166 168 4 0 0
168 169 0 0 0
169 169 0 0 0
169 170 59 0 0
170 170 59 0 0
168 170 59 0 0
170 171 0 0 0
171 171 0 0 0
171 172 222 0 0
172 172 222 0 0
170 172 222 0 0
172 173 0 0 0
173 173 0 0 0
173 174 434 0 0
174 174 434 0 0
172 174 434 0 0
0 175 597 5 0
175 175 597 0 0
175 176 0 0 0
176 176 0 0 0
176 177 4 0 0
177 177 4 0 0
175 177 4 0 0
177 178 0 0 0
178 178 0 0 0
178 179 59 0 0
179 179 59 0 0
177 179 59 0 0
179 180 0 0 0
180 180 0 0 0
180 181 284 0 0
181 181 284 0 0
179 181 284 0 0
181 182 0 0 0
182 182 0 0 0
182 183 530 0 0
183 183 530 0 0
181 183 530 0 0
183 184 0 0 0
184 184 0 0 0
184 185 490 0 0
185 185 490 0 0
183 185 490 0 0
0 186 597 5 0
186 186 597 0 0
186 187 0 0 0
187 187 0 0 0
187 188 4 0 0
188 188 4 0 0
186 188 4 0 0
188 189 0 0 0
189 189 0 0 0
189 190 59 0 0
190 190 59 0 0
188 190 59 0 0
190 191 0 0 0
191 191 0 0 0
191 192 284 0 0
192 192 284 0 0
190 192 284 0 0
192 193 0 0 0
193 193 0 0 0
193 194 557 0 0
194 194 557 0 0
192 194 557 0 0
0 195 597 5 0
195 195 597 0 0
195 196 0 0 0
196 196 0 0 0
196 197 4 0 0
197 197 4 0 0
195 197 4 0 0
197 198 0 0 0
198 198 0 0 0
198 199 59 0 0
199 199 59 0 0
197 199 59 0 0
199 200 0 0 0
200 200 0 0 0
200 201 289 0 0
201 201 289 0 0
199 201 289 0 0
0 202 598 5 0
202 202 598 0 0
202 203 0 0 0
203 203 0 0 0
203 204 19 0 0
204 204 19 0 0
202 204 19 0 0
204 205 0 0 0
205 205 0 0 0
205 206 460 0 0
206 206 460 0 0
204 206 460 0 0
206 207 0 0 0
207 207 0 0 0
207 208 222 0 0
208 208 222 0 0
206 208 222 0 0
208 209 0 0 0
209 209 0 0 0
209 210 392 0 0
210 210 392 0 0
208 210 392 0 0
210 211 0 0 0
211 211 0 0 0
211 212 530 0 0
212 212 530 0 0
210 212 530 0 0
212 213 0 0 0
213 213 0 0 0
213 214 490 0 0
214 214 490 0 0
212 214 490 0 0
0 215 598 5 0
215 215 598 0 0
215 216 0 0 0
216 216 0 0 0
216 217 19 0 0
217 217 19 0 0
215 217 19 0 0
217 218 0 0 0
218 218 0 0 0
218 219 460 0 0
219 219 460 0 0
217 219 460 0 0
219 220 0 0 0
220 220 0 0 0
220 221 222 0 0
221 221 222 0 0
219 221 222 0 0
221 222 0 0 0
222 222 0 0 0
222 223 392 0 0
223 223 392 0 0
221 223 392 0 0
223 224 0 0 0
224 224 0 0 0
224 225 557 0 0
225 225 557 0 0
223 225 557 0 0
0 226 598 5 0
226 226 598 0 0
226 227 0 0 0
227 227 0 0 0
227 228 19 0 0
228 228 19 0 0
226 228 19 0 0
228 229 0 0 0
229 229 0 0 0
229 230 460 0 0
230 230 460 0 0
228 230 460 0 0
230 231 0 0 0
231 231 0 0 0
231 232 222 0 0
232 232 222 0 0
230 232 222 0 0
232 233 0 0 0
233 233 0 0 0
233 234 426 0 0
234 234 426 0 0
232 234 426 0 0
234 235 0 0 0
235 235 0 0 0
235 236 490 0 0
236 236 490 0 0
234 236 490 0 0
0 237 598 5 0
237 237 598 0 0
237 238 0 0 0
238 238 0 0 0
238 239 19 0 0
239 239 19 0 0
237 239 19 0 0
239 240 0 0 0
240 240 0 0 0
240 241 460 0 0
241 241 460 0 0
239 241 460 0 0
241 242 0 0 0
242 242 0 0 0
242 243 222 0 0
243 243 222 0 0
241 243 222 0 0
243 244 0 0 0
244 244 0 0 0
244 245 434 0 0
245 245 434 0 0
243 245 434 0 0
0 246 598 5 0
246 246 598 0 0
246 247 0 0 0
247 247 0 0 0
247 248 19 0 0
248 248 19 0 0
246 248 19 0 0
248 249 0 0 0
249 249 0 0 0
249 250 460 0 0
250 250 460 0 0
248 250 460 0 0
250 251 0 0 0
251 251 0 0 0
251 252 284 0 0
252 252 284 0 0
250 252 284 0 0
252 253 0 0 0
253 253 0 0 0
253 254 530 0 0
254 254 530 0 0
252 254 530 0 0
254 255 0 0 0
255 255 0 0 0
255 256 490 0 0
256 256 490 0 0
254 256 490 0 0
0 257 598 5 0
257 257 598 0 0
257 258 0 0 0
258 258 0 0 0
258 259 19 0 0
259 259 19 0 0
257 259 19 0 0
259 260 0 0 0
260 260 0 0 0
260 261 460 0 0
261 261 460 0 0
259 261 460 0 0
261 262 0 0 0
262 262 0 0 0
262 263 284 0 0
263 263 284 0 0
261 263 284 0 0
263 264 0 0 0
264 264 0 0 0
264 265 557 0 0
265 265 557 0 0
263 265 557 0 0
0 266 598 5 0
266 266 598 0 0
266 267 0 0 0
267 267 0 0 0
267 268 19 0 0
268 268 19 0 0
266 268 19 0 0
268 269 0 0 0
269 269 0 0 0
269 270 460 0 0
270 270 460 0 0
268 270 460 0 0
270 271 0 0 0
271 271 0 0 0
271 272 289 0 0
272 272 289 0 0
270 272 289 0 0
0 273 598 5 0
273 273 598 0 0
273 274 0 0 0
274 274 0 0 0
274 275 19 0 0
275 275 19 0 0
273 275 19 0 0
275 276 0 0 0
276 276 0 0 0
276 277 475 0 0
277 277 475 0 0
275 277 475 0 0
277 278 0 0 0
278 278 0 0 0
278 279 392 0 0
279 279 392 0 0
277 279 392 0 0
279 280 0 0 0
280 280 0 0 0
280 281 530 0 0
281 281 530 0 0
279 281 530 0 0
281 282 0 0 0
282 282 0 0 0
282 283 490 0 0
283 283 490 0 0
281 283 490 0 0
0 284 598 5 0
284 284 598 0 0
284 285 0 0 0
285 285 0 0 0
285 286 19 0 0
286 286 19 0 0
284 286 19 0 0
286 287 0 0 0
287 287 0 0 0
287 288 475 0 0
288 288 475 0 0
286 288 475 0 0
288 289 0 0 0
289 289 0 0 0
289 290 392 0 0
290 290 392 0 0
288 290 392 0 0
290 291 0 0 0
291 291 0 0 0
291 292 557 0 0
292 292 557 0 0
290 292 557 0 0
0 293 598 5 0
293 293 598 0 0
293 294 0 0 0
294 294 0 0 0
294 295 19 0 0
295 295 19 0 0
293 295 19 0 0
295 296 0 0 0
296 296 0 0 0
296 297 475 0 0
297 297 475 0 0
295 297 475 0 0
297 298 0 0 0
298 298 0 0 0
298 299 426 0 0
299 299 426 0 0
297 299 426 0 0
299 300 0 0 0
300 300 0 0 0
300 301 490 0 0
301 301 490 0 0
299 301 490 0 0
0 302 598 5 0
302 302 598 0 0
302 303 0 0 0
303 303 0 0 0
303 304 19 0 0
304 304 19 0 0
302 304 19 0 0
304 305 0 0 0
305 305 0 0 0
305 306 475 0 0
306 306 475 0 0
304 306 475 0 0
306 307 0 0 0
307 307 0 0 0
307 308 434 0 0
308 308 434 0 0
306 308 434 0 0
0 309 598 5 0
309 309 598 0 0
309 310 0 0 0
310 310 0 0 0
310 311 59 0 0
311 311 59 0 0
309 311 59 0 0
311 312 0 0 0
312 312 0 0 0
312 313 222 0 0
313 313 222 0 0
311 313 222 0 0
313 314 0 0 0
314 314 0 0 0
314 315 392 0 0
315 315 392 0 0
313 315 392 0 0
315 316 0 0 0
316 316 0 0 0
316 317 530 0 0
317 317 530 0 0
315 317 530 0 0
317 318 0 0 0
318 318 0 0 0
318 319 490 0 0
319 319 490 0 0
317 319 490 0 0
0 320 598 5 0
320 320 598 0 0
320 321 0 0 0
321 321 0 0 0
321 322 59 0 0
322 322 59 0 0
320 322 59 0 0
322 323 0 0 0
323 323 0 0 0
323 324 222 0 0
324 324 222 0 0
322 324 222 0 0
324 325 0 0 0
325 325 0 0 0
325 326 392 0 0
326 326 392 0 0
324 326 392 0 0
326 327 0 0 0
327 327 0 0 0
327 328 557 0 0
328 328 557 0 0
326 328 557 0 0
0 329 598 5 0
329 329 598 0 0
329 330 0 0 0
330 330 0 0 0
330 331 59 0 0
331 331 59 0 0
329 331 59 0 0
331 332 0 0 0
332 332 0 0 0
332 333 222 0 0
333 333 222 0 0
331 333 222 0 0
333 334 0 0 0
334 334 0 0 0
334 335 426 0 0
335 335 426 0 0
333 335 426 0 0
335 336 0 0 0
336 336 0 0 0
336 337 490 0 0
337 337 490 0 0
335 337 490 0 0
0 338 598 5 0
338 338 598 0 0
338 339 0 0 0
339 339 0 0 0
339 340 59 0 0
340 340 59 0 0
338 340 59 0 0
340 341 0 0 0
341 341 0 0 0
341 342 222 0 0
342 342 222 0 0
340 342 222 0 0
342 343 0 0 0
343 343 0 0 0
343 344 434 0 0
344 344 434 0 0
342 344 434 0 0
0 345 598 5 0
345 345 598 0 0
345 346 0 0 0
346 346 0 0 0
346 347 59 0 0
347 347 59 0 0
345 347 59 0 0
347 348 0 0 0
348 348 0 0 0
348 349 284 0 0
349 349 284 0 0
347 349 284 0 0
349 350 0 0 0
350 350 0 0 0
350 351 530 0 0
351 351 530 0 0
349 351 530 0 0
351 352 0 0 0
352 352 0 0 0
352 353 490 0 0
353 353 490 0 0
351 353 490 0 0
0 354 598 5 0
354 354 598 0 0
354 355 0 0 0
355 355 0 0 0
355 356 59 0 0
356 356 59 0 0
354 356 59 0 0
356 357 0 0 0
357 357 0 0 0
357 358 284 0 0
358 358 284 0 0
356 358 284 0 0
358 359 0 0 0
359 359 0 0 0
359 360 557 0 0
360 360 557 0 0
358 360 557 0 0
0 361 598 5 0
361 361 598 0 0
361 362 0 0 0
362 362 0 0 0
362 363 59 0 0
363 363 59 0 0
361 363 59 0 0
363 364 0 0 0
364 364 0 0 0
364 365 289 0 0
365 365 289 0 0
363 365 289 0 0
