0
1 14 25 36 45 56 65 74 85 94 103 110 119 126 133 144 153 162 169 178 185 192 201 208 215 220 227 232 237 244 249 254 257 258
0 2 597 25304 0
2 2 597 0 0
2 3 0 0 0
3 3 0 0 0
3 4 490 0 0
4 4 490 0 0
2 4 490 0 0
4 5 0 0 0
5 5 0 0 0
5 6 512 0 0
6 6 512 0 0
4 6 512 0 0
6 7 0 0 0
7 7 0 0 0
7 8 460 0 0
8 8 460 0 0
6 8 460 0 0
8 9 0 0 0
9 9 0 0 0
9 10 392 0 0
10 10 392 0 0
8 10 392 0 0
10 11 0 0 0
11 11 0 0 0
11 12 371 0 0
12 12 371 0 0
10 12 371 0 0
12 13 0 0 0
13 13 0 0 0
13 14 201 0 0
14 14 201 0 0
12 14 201 0 0
0 15 597 25304 0
15 15 597 0 0
15 16 0 0 0
16 16 0 0 0
16 17 490 0 0
17 17 490 0 0
15 17 490 0 0
17 18 0 0 0
18 18 0 0 0
18 19 512 0 0
19 19 512 0 0
17 19 512 0 0
19 20 0 0 0
20 20 0 0 0
20 21 460 0 0
21 21 460 0 0
19 21 460 0 0
21 22 0 0 0
22 22 0 0 0
22 23 392 0 0
23 23 392 0 0
21 23 392 0 0
23 24 0 0 0
24 24 0 0 0
24 25 384 0 0
25 25 384 0 0
23 25 384 0 0
0 26 597 25304 0
26 26 597 0 0
26 27 0 0 0
27 27 0 0 0
27 28 490 0 0
28 28 490 0 0
26 28 490 0 0
28 29 0 0 0
29 29 0 0 0
29 30 512 0 0
30 30 512 0 0
28 30 512 0 0
30 31 0 0 0
31 31 0 0 0
31 32 460 0 0
32 32 460 0 0
30 32 460 0 0
32 33 0 0 0
33 33 0 0 0
33 34 402 0 0
34 34 402 0 0
32 34 402 0 0
34 35 0 0 0
35 35 0 0 0
35 36 201 0 0
36 36 201 0 0
34 36 201 0 0
0 37 597 25304 0
37 37 597 0 0
37 38 0 0 0
38 38 0 0 0
38 39 490 0 0
39 39 490 0 0
37 39 490 0 0
39 40 0 0 0
40 40 0 0 0
40 41 512 0 0
41 41 512 0 0
39 41 512 0 0
41 42 0 0 0
42 42 0 0 0
42 43 460 0 0
43 43 460 0 0
41 43 460 0 0
43 44 0 0 0
44 44 0 0 0
44 45 405 0 0
45 45 405 0 0
43 45 405 0 0
0 46 597 25304 0
46 46 597 0 0
46 47 0 0 0
47 47 0 0 0
47 48 490 0 0
48 48 490 0 0
46 48 490 0 0
48 49 0 0 0
49 49 0 0 0
49 50 512 0 0
50 50 512 0 0
48 50 512 0 0
50 51 0 0 0
51 51 0 0 0
51 52 482 0 0
52 52 482 0 0
50 52 482 0 0
52 53 0 0 0
53 53 0 0 0
53 54 371 0 0
54 54 371 0 0
52 54 371 0 0
54 55 0 0 0
55 55 0 0 0
55 56 201 0 0
56 56 201 0 0
54 56 201 0 0
0 57 597 25304 0
57 57 597 0 0
57 58 0 0 0
58 58 0 0 0
58 59 490 0 0
59 59 490 0 0
57 59 490 0 0
59 60 0 0 0
60 60 0 0 0
60 61 512 0 0
61 61 512 0 0
59 61 512 0 0
61 62 0 0 0
62 62 0 0 0
62 63 482 0 0
63 63 482 0 0
61 63 482 0 0
63 64 0 0 0
64 64 0 0 0
64 65 384 0 0
65 65 384 0 0
63 65 384 0 0
0 66 597 25304 0
66 66 597 0 0
66 67 0 0 0
67 67 0 0 0
67 68 490 0 0
68 68 490 0 0
66 68 490 0 0
68 69 0 0 0
69 69 0 0 0
69 70 512 0 0
70 70 512 0 0
68 70 512 0 0
70 71 0 0 0
71 71 0 0 0
71 72 483 0 0
72 72 483 0 0
70 72 483 0 0
72 73 0 0 0
73 73 0 0 0
73 74 201 0 0
74 74 201 0 0
72 74 201 0 0
0 75 597 25304 0
75 75 597 0 0
75 76 0 0 0
76 76 0 0 0
76 77 506 0 0
77 77 506 0 0
75 77 506 0 0
77 78 0 0 0
78 78 0 0 0
78 79 460 0 0
79 79 460 0 0
77 79 460 0 0
79 80 0 0 0
80 80 0 0 0
80 81 392 0 0
81 81 392 0 0
79 81 392 0 0
81 82 0 0 0
82 82 0 0 0
82 83 371 0 0
83 83 371 0 0
81 83 371 0 0
83 84 0 0 0
84 84 0 0 0
84 85 201 0 0
85 85 201 0 0
83 85 201 0 0
0 86 597 25304 0
86 86 597 0 0
86 87 0 0 0
87 87 0 0 0
87 88 506 0 0
88 88 506 0 0
86 88 506 0 0
88 89 0 0 0
89 89 0 0 0
89 90 460 0 0
90 90 460 0 0
88 90 460 0 0
90 91 0 0 0
91 91 0 0 0
91 92 392 0 0
92 92 392 0 0
90 92 392 0 0
92 93 0 0 0
93 93 0 0 0
93 94 384 0 0
94 94 384 0 0
92 94 384 0 0
0 95 597 25304 0
95 95 597 0 0
95 96 0 0 0
96 96 0 0 0
96 97 506 0 0
97 97 506 0 0
95 97 506 0 0
97 98 0 0 0
98 98 0 0 0
98 99 460 0 0
99 99 460 0 0
97 99 460 0 0
99 100 0 0 0
100 100 0 0 0
100 101 402 0 0
101 101 402 0 0
99 101 402 0 0
101 102 0 0 0
102 102 0 0 0
102 103 201 0 0
103 103 201 0 0
101 103 201 0 0
0 104 597 25304 0
104 104 597 0 0
104 105 0 0 0
105 105 0 0 0
105 106 506 0 0
106 106 506 0 0
104 106 506 0 0
106 107 0 0 0
107 107 0 0 0
107 108 460 0 0
108 108 460 0 0
106 108 460 0 0
108 109 0 0 0
109 109 0 0 0
109 110 405 0 0
110 110 405 0 0
108 110 405 0 0
0 111 597 25304 0
111 111 597 0 0
111 112 0 0 0
112 112 0 0 0
112 113 506 0 0
113 113 506 0 0
111 113 506 0 0
113 114 0 0 0
114 114 0 0 0
114 115 482 0 0
115 115 482 0 0
113 115 482 0 0
115 116 0 0 0
116 116 0 0 0
116 117 371 0 0
117 117 371 0 0
115 117 371 0 0
117 118 0 0 0
118 118 0 0 0
118 119 201 0 0
119 119 201 0 0
117 119 201 0 0
0 120 597 25304 0
120 120 597 0 0
120 121 0 0 0
121 121 0 0 0
121 122 506 0 0
122 122 506 0 0
120 122 506 0 0
122 123 0 0 0
123 123 0 0 0
123 124 482 0 0
124 124 482 0 0
122 124 482 0 0
124 125 0 0 0
125 125 0 0 0
125 126 384 0 0
126 126 384 0 0
124 126 384 0 0
0 127 597 25304 0
127 127 597 0 0
127 128 0 0 0
128 128 0 0 0
128 129 506 0 0
129 129 506 0 0
127 129 506 0 0
129 130 0 0 0
130 130 0 0 0
130 131 483 0 0
131 131 483 0 0
129 131 483 0 0
131 132 0 0 0
132 132 0 0 0
132 133 201 0 0
133 133 201 0 0
131 133 201 0 0
0 134 1609 25304 0
134 134 1609 0 0
134 135 0 0 0
135 135 0 0 0
135 136 512 0 0
136 136 512 0 0
134 136 512 0 0
136 137 0 0 0
137 137 0 0 0
137 138 460 0 0
138 138 460 0 0
136 138 460 0 0
138 139 0 0 0
139 139 0 0 0
139 140 392 0 0
140 140 392 0 0
138 140 392 0 0
140 141 0 0 0
141 141 0 0 0
141 142 371 0 0
142 142 371 0 0
140 142 371 0 0
142 143 0 0 0
143 143 0 0 0
143 144 201 0 0
144 144 201 0 0
142 144 201 0 0
0 145 1609 25304 0
145 145 1609 0 0
145 146 0 0 0
146 146 0 0 0
146 147 512 0 0
147 147 512 0 0
145 147 512 0 0
147 148 0 0 0
148 148 0 0 0
148 149 460 0 0
149 149 460 0 0
147 149 460 0 0
149 150 0 0 0
150 150 0 0 0
150 151 392 0 0
151 151 392 0 0
149 151 392 0 0
151 152 0 0 0
152 152 0 0 0
152 153 384 0 0
153 153 384 0 0
151 153 384 0 0
0 154 1609 25304 0
154 154 1609 0 0
154 155 0 0 0
155 155 0 0 0
155 156 512 0 0
156 156 512 0 0
154 156 512 0 0
156 157 0 0 0
157 157 0 0 0
157 158 460 0 0
158 158 460 0 0
156 158 460 0 0
158 159 0 0 0
159 159 0 0 0
159 160 402 0 0
160 160 402 0 0
158 160 402 0 0
160 161 0 0 0
161 161 0 0 0
161 162 201 0 0
162 162 201 0 0
160 162 201 0 0
0 163 1609 25304 0
163 163 1609 0 0
163 164 0 0 0
164 164 0 0 0
164 165 512 0 0
165 165 512 0 0
163 165 512 0 0
165 166 0 0 0
166 166 0 0 0
166 167 460 0 0
167 167 460 0 0
165 167 460 0 0
167 168 0 0 0
168 168 0 0 0
168 169 405 0 0
169 169 405 0 0
167 169 405 0 0
0 170 1609 25304 0
170 170 1609 0 0
170 171 0 0 0
171 171 0 0 0
171 172 512 0 0
172 172 512 0 0
170 172 512 0 0
172 173 0 0 0
173 173 0 0 0
173 174 482 0 0
174 174 482 0 0
172 174 482 0 0
174 175 0 0 0
175 175 0 0 0
175 176 371 0 0
176 176 371 0 0
174 176 371 0 0
176 177 0 0 0
177 177 0 0 0
177 178 201 0 0
178 178 201 0 0
176 178 201 0 0
0 179 1609 25304 0
179 179 1609 0 0
179 180 0 0 0
180 180 0 0 0
180 181 512 0 0
181 181 512 0 0
179 181 512 0 0
181 182 0 0 0
182 182 0 0 0
182 183 482 0 0
183 183 482 0 0
181 183 482 0 0
183 184 0 0 0
184 184 0 0 0
184 185 384 0 0
185 185 384 0 0
183 185 384 0 0
0 186 1609 25304 0
186 186 1609 0 0
186 187 0 0 0
187 187 0 0 0
187 188 512 0 0
188 188 512 0 0
186 188 512 0 0
188 189 0 0 0
189 189 0 0 0
189 190 483 0 0
190 190 483 0 0
188 190 483 0 0
190 191 0 0 0
191 191 0 0 0
191 192 201 0 0
192 192 201 0 0
190 192 201 0 0
0 193 1717 25304 0
193 193 1717 0 0
193 194 0 0 0
194 194 0 0 0
194 195 460 0 0
195 195 460 0 0
193 195 460 0 0
195 196 0 0 0
196 196 0 0 0
196 197 392 0 0
197 197 392 0 0
195 197 392 0 0
197 198 0 0 0
198 198 0 0 0
198 199 371 0 0
199 199 371 0 0
197 199 371 0 0
199 200 0 0 0
200 200 0 0 0
200 201 201 0 0
201 201 201 0 0
199 201 201 0 0
0 202 1717 25304 0
202 202 1717 0 0
202 203 0 0 0
203 203 0 0 0
203 204 460 0 0
204 204 460 0 0
202 204 460 0 0
204 205 0 0 0
205 205 0 0 0
205 206 392 0 0
206 206 392 0 0
204 206 392 0 0
206 207 0 0 0
207 207 0 0 0
207 208 384 0 0
208 208 384 0 0
206 208 384 0 0
0 209 1717 25304 0
209 209 1717 0 0
209 210 0 0 0
210 210 0 0 0
210 211 460 0 0
211 211 460 0 0
209 211 460 0 0
211 212 0 0 0
212 212 0 0 0
212 213 402 0 0
213 213 402 0 0
211 213 402 0 0
213 214 0 0 0
214 214 0 0 0
214 215 201 0 0
215 215 201 0 0
213 215 201 0 0
0 216 1717 25304 0
216 216 1717 0 0
216 217 0 0 0
217 217 0 0 0
217 218 460 0 0
218 218 460 0 0
216 218 460 0 0
218 219 0 0 0
219 219 0 0 0
219 220 405 0 0
220 220 405 0 0
218 220 405 0 0
0 221 1717 25304 0
221 221 1717 0 0
221 222 0 0 0
222 222 0 0 0
222 223 482 0 0
223 223 482 0 0
221 223 482 0 0
223 224 0 0 0
224 224 0 0 0
224 225 371 0 0
225 225 371 0 0
223 225 371 0 0
225 226 0 0 0
226 226 0 0 0
226 227 201 0 0
227 227 201 0 0
225 227 201 0 0
0 228 1717 25304 0
228 228 1717 0 0
228 229 0 0 0
229 229 0 0 0
229 230 482 0 0
230 230 482 0 0
228 230 482 0 0
230 231 0 0 0
231 231 0 0 0
231 232 384 0 0
232 232 384 0 0
230 232 384 0 0
0 233 1717 25304 0
233 233 1717 0 0
233 234 0 0 0
234 234 0 0 0
234 235 483 0 0
235 235 483 0 0
233 235 483 0 0
235 236 0 0 0
236 236 0 0 0
236 237 201 0 0
237 237 201 0 0
235 237 201 0 0
0 238 1732 25304 0
238 238 1732 0 0
238 239 0 0 0
239 239 0 0 0
239 240 392 0 0
240 240 392 0 0
238 240 392 0 0
240 241 0 0 0
241 241 0 0 0
241 242 371 0 0
242 242 371 0 0
240 242 371 0 0
242 243 0 0 0
243 243 0 0 0
243 244 201 0 0
244 244 201 0 0
242 244 201 0 0
0 245 1732 25304 0
245 245 1732 0 0
245 246 0 0 0
246 246 0 0 0
246 247 392 0 0
247 247 392 0 0
245 247 392 0 0
247 248 0 0 0
248 248 0 0 0
248 249 384 0 0
249 249 384 0 0
247 249 384 0 0
0 250 1732 25304 0
250 250 1732 0 0
250 251 0 0 0
251 251 0 0 0
251 252 402 0 0
252 252 402 0 0
250 252 402 0 0
252 253 0 0 0
253 253 0 0 0
253 254 201 0 0
254 254 201 0 0
252 254 201 0 0
0 255 1732 25304 0
255 255 1732 0 0
255 256 0 0 0
256 256 0 0 0
256 257 405 0 0
257 257 405 0 0
255 257 405 0 0
0 258 1737 25304 0
258 258 1737 0 0
